b0         8 seeds; max |mean - trimmed|/err = 0.73
b1       168 seeds; max |mean - trimmed|/err = 0.13
lo       200 seeds; max |mean - trimmed|/err = 0.16
b2        92 seeds; max |mean - trimmed|/err = 0.18
vi       250 seeds; max |mean - trimmed|/err = 0.99
kp       200 seeds; max |mean - trimmed|/err = 0.48
r      DIAGNOSTIC: 0 of 3500 seeds left out (non-finite or |iteration| > 179000)
r       3500 seeds; max |mean - trimmed|/err = 2.81
rcorr  DIAGNOSTIC: 4 of 400 seeds left out (non-finite or |iteration| > 1990)
rcorr    396 seeds; max |mean - trimmed|/err = 1.34
conv     200 seeds; max |mean - trimmed|/err = 1.34
edge     300 seeds; max |mean - trimmed|/err = 0.98
plain-r   300 seeds; max |mean - trimmed|/err = 1.30
plain-rcorr   100 seeds; max |mean - trimmed|/err = 1.00
tau_cut             2e-02     1e-02     5e-03     2e-03     1e-03     5e-04     2e-04     1e-04     3e-05     1e-05

total 0-0
  LO                103.3     103.3     103.3     103.3     103.3     103.3     103.3     103.3     103.3     103.3
    +-             0.0046    0.0046    0.0046    0.0046    0.0046    0.0046    0.0046    0.0046    0.0046    0.0046
  NNLOJET       103.28 +- 0.00053   pulls -0.4 -0.4 -0.4 -0.4 -0.4 -0.4 -0.4 -0.4 -0.4 -0.4
  NLO               12.31     11.78     11.33     10.95     10.79     10.64     10.55     10.47     10.44     10.47
    +-              0.031     0.036     0.043     0.055     0.061     0.068     0.077     0.083      0.09       0.1
  NNLOJET       10.58 +- 0.0048   pulls +55.5 +32.7 +17.1 +6.8 +3.3 +0.9 -0.4 -1.4 -1.6 -1.1
  NNLO              12.19     11.94     10.99     12.99     12.36     14.17     14.37     14.75     13.57     1.386
    +-               0.53      0.63      0.73      0.85       1.1       1.3       1.6       2.2       3.1       3.4
  NNLOJET       11.12 +- 1.2   pulls +0.8 +0.6 -0.1 +1.3 +0.8 +1.7 +1.6 +1.4 +0.7 -2.7
  NNLO(no corr)     11.96     11.85     10.77     12.74     12.21      13.9     13.48     12.55    -1.361    -38.21
    +-               0.48      0.58       0.7      0.82       1.1       1.3       1.6       2.2       2.5         3
  rcorr            0.2287   0.08797    0.2224    0.2514    0.1481    0.2686    0.8869     2.198     14.93      39.6
    +-               0.21      0.24      0.21      0.22      0.24      0.24      0.27      0.47       1.8       1.7
  conv          0.0007763 0.0001208   0.01889  -0.01498   0.00972     0.237  -0.04552   -0.1011     2.254      8.95
    +-             0.0023    0.0037     0.023     0.012     0.012      0.22      0.13      0.25       1.3         2
  edge              35.14    -10.12    -106.5      -353    -668.1     -1133     -2032     -2994     -5395     -8610
    +-                1.3       1.3       2.2       2.7         3       3.5       4.2       4.7       5.7       7.7
  plain-r           19.11    -22.89    -121.9    -365.2    -680.9     -1149     -2051     -3015     -5416     -8619
    +-               0.91       1.8       2.5       2.6       3.5         4       4.7       5.2       6.7       7.7
  plain-rcorr    -0.01205   -0.5183  -0.01402    -0.299   -0.2173   -0.1208    0.6159     3.067     14.05     39.01
    +-             0.0079       0.5     0.012      0.22      0.26      0.25      0.46       1.4       1.4       1.9

q2 125-250
  LO                43.18     43.18     43.18     43.18     43.18     43.18     43.18     43.18     43.18     43.18
    +-             0.0061    0.0061    0.0061    0.0061    0.0061    0.0061    0.0061    0.0061    0.0061    0.0061
  NNLOJET       43.189 +- 0.00034   pulls -1.5 -1.5 -1.5 -1.5 -1.5 -1.5 -1.5 -1.5 -1.5 -1.5
  NLO               7.813     7.812     7.737     7.655     7.612      7.58     7.538     7.528     7.529     7.504
    +-              0.022     0.027     0.033     0.043     0.048     0.051     0.056     0.063     0.071     0.081
  NNLOJET       7.5242 +- 0.0033   pulls +13.1 +10.6 +6.4 +3.1 +1.8 +1.1 +0.3 +0.1 +0.1 -0.3
  NNLO              7.143     6.972     5.679      6.55     6.216     7.526     7.712     8.152     6.371     1.244
    +-               0.39      0.49      0.56      0.67      0.87         1       1.1       1.3       1.6       2.5
  NNLOJET       6.9167 +- 1   pulls +0.2 +0.0 -1.1 -0.3 -0.5 +0.4 +0.5 +0.7 -0.3 -2.1
  NNLO(no corr)     6.957     6.923     5.493     6.349     6.086     7.275     7.018     6.528    -1.946    -21.49
    +-               0.34      0.43      0.53      0.63      0.85      0.99       1.1       1.2       1.5         2
  rcorr            0.1866   0.04918    0.1861    0.2015    0.1303    0.2509    0.6934     1.624     8.317     22.74
    +-               0.19      0.23      0.19       0.2      0.22      0.23      0.25      0.44      0.47       1.4
  conv           0.002528-0.0006173 -0.001742 -0.003514  0.007058    0.2222  -0.03598   -0.2822     1.692      6.56
    +-             0.0019    0.0025    0.0041    0.0089    0.0099      0.22      0.09      0.23       1.2       1.5
  edge              11.31    -18.02    -75.15    -216.6    -391.2    -642.7     -1126     -1634     -2891     -4555
    +-                1.1       1.2       1.8       2.1       2.4       2.7       3.2       3.6       4.6       5.6
  plain-r           5.163    -24.01     -83.5    -221.4    -396.1    -653.9     -1133     -1644     -2899     -4558
    +-               0.76      0.87       2.3       2.4         3       3.6       3.9       4.1       5.1         6
  plain-rcorr   -0.009158   -0.5184 -0.009899   -0.3139   -0.2665  -0.05234    0.3669     1.967     9.789      24.3
    +-             0.0076       0.5      0.01      0.22      0.25      0.24      0.44       1.5       1.2       1.6

q2 250-500
  LO                29.07     29.07     29.07     29.07     29.07     29.07     29.07     29.07     29.07     29.07
    +-              0.004     0.004     0.004     0.004     0.004     0.004     0.004     0.004     0.004     0.004
  NNLOJET       29.068 +- 0.00026   pulls +0.3 +0.3 +0.3 +0.3 +0.3 +0.3 +0.3 +0.3 +0.3 +0.3
  NLO               2.749     2.594     2.478     2.393     2.354     2.325     2.305     2.273     2.253     2.281
    +-              0.016      0.02     0.022     0.027      0.03     0.035     0.037     0.042     0.047     0.055
  NNLOJET       2.3067 +- 0.0023   pulls +27.6 +14.4 +7.8 +3.2 +1.5 +0.5 -0.0 -0.8 -1.1 -0.5
  NNLO              3.581      3.77     3.671     4.423     4.173     4.443     4.956     3.991     3.179    0.6614
    +-               0.32      0.37      0.39      0.43      0.59      0.63      0.88       1.1       1.3       1.7
  NNLOJET       3.0541 +- 0.57   pulls +0.8 +1.1 +0.9 +1.9 +1.4 +1.6 +1.8 +0.8 +0.1 -1.4
  NNLO(no corr)     3.509     3.698     3.599     4.337     4.085     4.366     4.737     3.551    0.1445    -9.755
    +-               0.31      0.36      0.38      0.42      0.59      0.62      0.87         1       1.2       1.5
  rcorr            0.0713    0.0719   0.07187    0.0864   0.08715   0.07765    0.2191    0.4404     3.034     10.42
    +-               0.07      0.07      0.07     0.071     0.071      0.08     0.084      0.16      0.23      0.77
  conv         -0.0007502  0.001621 -0.001053 -0.004029    0.0025   0.01675 -0.003042     0.175    0.5845     2.344
    +-            0.00089    0.0026    0.0019    0.0036     0.005     0.011     0.087      0.11      0.31      0.48
  edge              12.27    0.5274    -24.86    -90.41    -175.4    -301.2    -546.2    -810.9     -1469     -2353
    +-               0.61      0.72      0.93       1.1       1.3       1.6       2.2       2.5       3.1       3.8
  plain-r           6.889    -2.544    -28.41    -94.79    -178.7    -303.4    -550.3    -814.9     -1475     -2356
    +-               0.48       1.5      0.76       1.1       1.3       1.5         2       2.3       2.9       4.3
  plain-rcorr   -0.002127 -0.001049-0.0001831   0.01349   0.04454   -0.0721    0.2074    0.9009     3.369     8.218
    +-             0.0017    0.0019    0.0037     0.011     0.083      0.04      0.13      0.38      0.51       1.2

q2 500-1000
  LO                17.04     17.04     17.04     17.04     17.04     17.04     17.04     17.04     17.04     17.04
    +-             0.0028    0.0028    0.0028    0.0028    0.0028    0.0028    0.0028    0.0028    0.0028    0.0028
  NNLOJET       17.042 +- 0.00022   pulls +0.2 +0.2 +0.2 +0.2 +0.2 +0.2 +0.2 +0.2 +0.2 +0.2
  NLO              0.8425    0.7017    0.5943    0.4903    0.4528     0.408    0.4072    0.3902     0.389    0.3984
    +-               0.01     0.013     0.016      0.02     0.022     0.024     0.029     0.033     0.037     0.044
  NNLOJET       0.43746 +- 0.0016   pulls +39.6 +20.9 +9.9 +2.7 +0.7 -1.2 -1.1 -1.4 -1.3 -0.9
  NNLO              1.086    0.9303     1.205     1.498     1.185     1.551     1.092     1.535     2.278   -0.3478
    +-               0.11      0.12      0.24      0.24      0.34      0.38       0.9      0.86       1.2       1.3
  NNLOJET       0.85812 +- 0.32   pulls +0.7 +0.2 +0.9 +1.6 +0.7 +1.4 +0.2 +0.7 +1.1 -0.9
  NNLO(no corr)     1.115    0.9628     1.239     1.531     1.252     1.597     1.092     1.416    0.5719    -4.739
    +-               0.11      0.12      0.24      0.24      0.34      0.38      0.89      0.86      0.98       1.2
  rcorr          -0.02887  -0.03248  -0.03409  -0.03393  -0.06682  -0.04635-0.0005091     0.119     1.706     4.391
    +-              0.032     0.032     0.032     0.032     0.052     0.036     0.069     0.057      0.76      0.56
  conv         -0.0007562-0.0005637   0.02206 -0.006568 0.0007167 -0.002473  -0.00243   0.01615   0.06944  -0.08624
    +-            0.00078   0.00081     0.023    0.0069    0.0025    0.0034     0.025     0.015      0.22       1.5
  edge              6.922     3.474    -6.541    -32.53    -69.66    -126.3    -236.3      -357    -663.7     -1081
    +-               0.37      0.46      0.66      0.86      0.95       1.1       1.4       1.7       2.1       2.8
  plain-r           4.076     1.195    -8.839    -35.05    -72.21    -126.9    -238.2    -358.4    -661.2     -1074
    +-               0.18      0.34      0.45      0.65      0.91       1.4       1.6       1.8       2.2       2.4
  plain-rcorr  -0.0007675  0.001241 -0.004256  0.003077 -0.009549 -0.002073   0.06287  -0.05146    0.7952     4.081
    +-             0.0015   0.00059    0.0052    0.0087     0.007     0.063     0.038      0.12      0.27       0.4

q2 1000-2000
  LO                8.522     8.522     8.522     8.522     8.522     8.522     8.522     8.522     8.522     8.522
    +-             0.0022    0.0022    0.0022    0.0022    0.0022    0.0022    0.0022    0.0022    0.0022    0.0022
  NNLOJET       8.5191 +- 0.00018   pulls +1.2 +1.2 +1.2 +1.2 +1.2 +1.2 +1.2 +1.2 +1.2 +1.2
  NLO               0.393    0.2783    0.1995    0.1459    0.1163    0.0832   0.06921   0.05934   0.07025   0.08673
    +-             0.0058    0.0076      0.01     0.013     0.015     0.018      0.02     0.022     0.026     0.031
  NNLOJET       0.097476 +- 0.0013   pulls +49.6 +23.4 +9.8 +3.7 +1.2 -0.8 -1.4 -1.7 -1.1 -0.3
  NNLO             0.2927    0.2386    0.3861    0.4456    0.7309    0.3641    0.4754    0.7796     1.817   -0.1018
    +-              0.062     0.077       0.1      0.13      0.25      0.21      0.27      0.32       1.6      0.66
  NNLOJET       0.31993 +- 0.14   pulls -0.2 -0.5 +0.4 +0.7 +1.4 +0.2 +0.5 +1.3 +0.9 -0.6
  NNLO(no corr)    0.2927    0.2389    0.3876     0.448    0.7327    0.3775    0.5021    0.7096   0.03428    -1.572
    +-              0.062     0.077       0.1      0.13      0.25       0.2      0.27      0.32      0.53      0.62
  rcorr         7.129e-05-0.0002317 -0.001453 -0.002395 -0.001846  -0.01337  -0.02674   0.07004     1.783     1.471
    +-            0.00027    0.0003    0.0014    0.0017    0.0019    0.0091     0.027     0.032       1.5      0.22
  conv         -0.0004071-0.0004391-0.0004896-0.0007141-0.0007185 0.0004149 -0.002144   -0.0105  -0.08588   0.07256
    +-             0.0003    0.0003   0.00031   0.00037   0.00042    0.0012    0.0051    0.0077     0.066       0.1
  edge              3.148     2.445   -0.5672     -10.5    -23.52     -44.8    -86.18    -133.1    -253.7    -421.8
    +-                0.2      0.29      0.34      0.46      0.64       0.6      0.75      0.87       1.1       1.4
  plain-r           1.959     1.558    -1.493    -10.89    -24.54    -46.12    -89.55    -136.4    -257.6    -425.2
    +-               0.15      0.19      0.28      0.44      0.44      0.73      0.84         1       1.4       1.5
  plain-rcorr  -1.254e-06  -5.6e-05 5.378e-05 -0.001812   0.01486   0.01141  -0.02289   0.06292    0.1389     2.068
    +-            4.6e-05   0.00013   0.00022    0.0038     0.013     0.014     0.046      0.03      0.18      0.39

q2 2000-5000
  LO                4.322     4.322     4.322     4.322     4.322     4.322     4.322     4.322     4.322     4.322
    +-             0.0018    0.0018    0.0018    0.0018    0.0018    0.0018    0.0018    0.0018    0.0018    0.0018
  NNLOJET       4.3201 +- 0.00016   pulls +0.9 +0.9 +0.9 +0.9 +0.9 +0.9 +0.9 +0.9 +0.9 +0.9
  NLO              0.3258     0.245    0.1884    0.1545    0.1433    0.1406    0.1305    0.1173    0.1064    0.1129
    +-             0.0043    0.0051    0.0067    0.0092      0.01     0.012     0.014     0.015     0.019     0.023
  NNLOJET       0.11692 +- 0.0011   pulls +47.4 +24.4 +10.5 +4.1 +2.5 +2.0 +1.0 +0.0 -0.6 -0.2
  NNLO             0.0642   0.02214   0.05297   0.08723    0.1003    0.2334   0.05717    0.2003  -0.04925   0.04239
    +-              0.034     0.037     0.051     0.074     0.093      0.12      0.26      0.28      0.53      0.58
  NNLOJET       0.004896 +- 0.11   pulls +0.5 +0.1 +0.4 +0.6 +0.7 +1.4 +0.2 +0.6 -0.1 +0.1
  NNLO(no corr)   0.06462   0.02256   0.05302   0.08743     0.101    0.2337   0.05448    0.2557   -0.1365   -0.5103
    +-              0.034     0.037     0.051     0.074     0.093      0.12      0.26      0.27      0.53      0.56
  rcorr        -0.0004164-0.0004168-5.013e-05-0.0002054 -0.000711-0.0003274  0.002686  -0.05543   0.08723    0.5527
    +-            0.00039    0.0004   0.00046    0.0005   0.00065   0.00062    0.0054     0.059     0.063      0.13
  conv          0.0001624 0.0001203 0.0001163-0.0001558 0.0001647  0.000155-0.0004272 0.0004551   0.01443   0.06902
    +-            0.00017   0.00018   0.00018   0.00037    0.0002   0.00021   0.00059     0.001     0.014     0.038
  edge               1.28     1.173    0.3825    -2.768    -7.295    -15.27    -31.54    -50.39    -99.69    -167.6
    +-              0.063     0.081      0.16       0.3      0.36      0.46      0.56      0.94       1.1       1.4
  plain-r          0.8646    0.7115    0.1722    -2.725    -8.333    -16.13    -34.22    -52.81    -105.3    -174.5
    +-              0.039     0.062      0.19      0.22      0.45      0.48         2       2.1       5.1       5.4
  plain-rcorr   9.884e-06-2.349e-05 0.0002642 0.0001088-0.0007158 -0.005622 0.0005057    0.1865  -0.05559    0.3198
    +-              8e-06   2.6e-05   0.00031   0.00035   0.00069    0.0043    0.0052      0.18      0.13     0.098

q2 5000-20000
  LO                1.144     1.144     1.144     1.144     1.144     1.144     1.144     1.144     1.144     1.144
    +-              0.001     0.001     0.001     0.001     0.001     0.001     0.001     0.001     0.001     0.001
  NNLOJET       1.1428 +- 0.00013   pulls +1.0 +1.0 +1.0 +1.0 +1.0 +1.0 +1.0 +1.0 +1.0 +1.0
  NLO              0.1875    0.1516    0.1303    0.1119    0.1077    0.1021    0.1005   0.09774   0.09102    0.0853
    +-             0.0023    0.0025    0.0033    0.0046    0.0051    0.0057    0.0073    0.0087      0.01     0.012
  NNLOJET       0.097001 +- 0.0008   pulls +37.7 +20.9 +9.9 +3.2 +2.1 +0.9 +0.5 +0.1 -0.6 -1.0
  NNLO            0.02171  0.008017  -0.00652  -0.01069  -0.04238   0.04861    0.0745   0.09499  -0.02748   -0.1117
    +-              0.011     0.012     0.014     0.025     0.037     0.038     0.049     0.068     0.097      0.13
  NNLOJET       -0.033775 +- 0.038   pulls +1.4 +1.0 +0.7 +0.5 -0.2 +1.5 +1.7 +1.6 +0.1 -0.6
  NNLO(no corr)    0.0217  0.008004 -0.006542  -0.01074  -0.04241   0.04856   0.07555   0.09465  -0.02973   -0.1386
    +-              0.011     0.012     0.014     0.025     0.037     0.038     0.049     0.068     0.097      0.13
  rcorr         5.367e-06 1.328e-05 2.195e-05 5.119e-05 3.364e-05 5.004e-05 -0.001052 0.0003338  0.002247   0.02691
    +-            4.9e-06   8.8e-06     1e-05   2.1e-05   2.1e-05   8.2e-05    0.0013   0.00045    0.0047     0.011
  conv         -1.543e-08-8.406e-08 3.707e-07-1.669e-06-8.327e-08-2.336e-06 -0.001499 3.268e-05  -0.02022 -0.009348
    +-            1.1e-06   1.1e-06   1.2e-06   2.7e-06   6.4e-06   1.1e-05    0.0015   5.6e-05      0.02     0.012
  edge             0.2124    0.2809    0.2585   -0.2553   -0.9655    -2.449     -5.28    -8.914    -18.66    -31.81
    +-              0.037     0.038      0.05     0.071      0.15      0.13      0.15      0.29      0.38      0.43
  plain-r          0.1556    0.1945    0.1667   -0.2826    -0.995    -2.249    -5.269    -8.722    -17.98    -31.86
    +-              0.014     0.018     0.033      0.05     0.066      0.12      0.17      0.18      0.27      0.29
  plain-rcorr  -2.132e-06 -8.11e-07-2.735e-06 7.396e-05 4.206e-07-2.603e-05  0.001126 0.0009985   0.01414   0.02429
    +-            2.2e-06   2.8e-06   3.2e-06   6.6e-05   1.3e-05   3.5e-05   0.00092   0.00044     0.006     0.022

ptavg 8-15
  LO                73.95     73.95     73.95     73.95     73.95     73.95     73.95     73.95     73.95     73.95
    +-             0.0052    0.0052    0.0052    0.0052    0.0052    0.0052    0.0052    0.0052    0.0052    0.0052
  NNLOJET       73.954 +- 0.00052   pulls -1.5 -1.5 -1.5 -1.5 -1.5 -1.5 -1.5 -1.5 -1.5 -1.5
  NLO               6.163     5.708     5.332     5.025     4.883     4.763     4.704     4.621     4.564     4.601
    +-              0.029     0.035     0.041     0.052     0.059     0.067     0.075     0.081     0.092       0.1
  NNLOJET       4.7453 +- 0.005   pulls +47.7 +27.3 +14.2 +5.4 +2.3 +0.3 -0.5 -1.5 -2.0 -1.4
  NNLO              8.869      8.59     7.688     9.113     8.095     9.581     8.959     9.241     8.238     2.929
    +-               0.48      0.59      0.67       0.8       1.1       1.2       1.6       2.2       2.9       3.2
  NNLOJET       9.5546 +- 1.1   pulls -0.6 -0.8 -1.4 -0.3 -0.9 +0.0 -0.3 -0.1 -0.4 -1.9
  NNLO(no corr)     8.843     8.704     7.674     9.058     8.074     9.575     8.578     8.207   -0.1945    -24.74
    +-               0.47      0.57      0.67      0.79       1.1       1.2       1.5       2.2       2.5       2.8
  rcorr           0.02594   -0.1136   0.01368     0.055   0.02065  0.006393    0.3808     1.033     8.432     27.67
    +-              0.078      0.15     0.078       0.1      0.12      0.14      0.17      0.41       1.6       1.5
  conv           0.008042  0.008018  0.005787   0.00387   0.01745    0.2476   0.08831    0.1393     1.652     4.047
    +-             0.0065    0.0071    0.0069     0.011     0.011      0.22       0.1      0.13       1.2       1.3
  edge              31.46     3.025     -59.7    -222.9    -436.8    -754.6     -1373     -2038     -3712     -5961
    +-                1.3       1.3       2.1       2.5       2.7       3.3         4       4.4       5.5       7.1
  plain-r           17.18    -8.673    -74.33    -235.7    -449.1    -770.2     -1390     -2058     -3729     -5968
    +-               0.87       1.8       2.4       2.5       3.5       3.9       4.6         5       6.7       7.3
  plain-rcorr    -0.01054   -0.5188  -0.01433  -0.03833   -0.0489    0.0927    0.6313     2.017     7.049      25.8
    +-             0.0077       0.5     0.012     0.035      0.11       0.1      0.37       1.4      0.95       1.6

ptavg 15-22
  LO                20.51     20.51     20.51     20.51     20.51     20.51     20.51     20.51     20.51     20.51
    +-             0.0026    0.0026    0.0026    0.0026    0.0026    0.0026    0.0026    0.0026    0.0026    0.0026
  NNLOJET       20.502 +- 0.00017   pulls +2.1 +2.1 +2.1 +2.1 +2.1 +2.1 +2.1 +2.1 +2.1 +2.1
  NLO               5.293     5.238     5.187     5.141      5.12     5.106     5.094     5.094     5.119      5.13
    +-              0.011     0.013     0.013     0.016     0.018     0.019     0.021     0.024     0.028     0.034
  NNLOJET       5.0696 +- 0.0015   pulls +20.9 +13.0 +8.8 +4.5 +2.8 +1.9 +1.1 +1.0 +1.8 +1.8
  NNLO             0.8961    0.8727    0.7082      1.11      1.27     1.441     2.048     1.921     1.299    -2.291
    +-               0.22      0.23      0.26       0.3      0.35      0.42      0.48      0.54      0.68      0.96
  NNLOJET       0.011899 +- 0.23   pulls +2.8 +2.7 +2.0 +2.9 +3.0 +3.0 +3.8 +3.2 +1.8 -2.3
  NNLO(no corr)    0.6938     0.669    0.5016    0.9142     1.144     1.246     1.679     1.188    -2.154    -11.15
    +-              0.096      0.12      0.18      0.23      0.28      0.37      0.44      0.49      0.62      0.76
  rcorr            0.2023    0.2036    0.2066     0.196    0.1262    0.1955    0.3693    0.7336     3.453     8.856
    +-               0.19      0.19      0.19      0.19      0.21       0.2       0.2      0.24      0.27      0.59
  conv           -0.00692 -0.007362  -0.00956  -0.01366 -0.003425  -0.00629  -0.08616   0.00231    0.1625     3.182
    +-             0.0061    0.0061    0.0067     0.009    0.0089    0.0095     0.069     0.077      0.25      0.56
  edge                1.6    -8.973    -31.17    -87.38    -155.3    -254.7    -445.6    -648.6     -1148     -1815
    +-               0.34      0.52      0.66      0.64      0.79      0.99       1.3       1.5       1.8       2.6
  plain-r           1.909     -8.72    -30.87    -85.87    -154.9      -254    -446.8    -650.2     -1151     -1816
    +-               0.28      0.36      0.47      0.56      0.72      0.98       1.3       1.5         2       2.4
  plain-rcorr   -0.002299-0.0004278-0.0003493  -0.04577  -0.02146  -0.06902    0.1196    0.8176     4.308     9.755
    +-             0.0015   0.00058    0.0018     0.043     0.035     0.041     0.099      0.33      0.94       1.1

ptavg 22-30
  LO                6.119     6.119     6.119     6.119     6.119     6.119     6.119     6.119     6.119     6.119
    +-             0.0015    0.0015    0.0015    0.0015    0.0015    0.0015    0.0015    0.0015    0.0015    0.0015
  NNLOJET       6.1183 +- 7.6e-05   pulls +0.2 +0.2 +0.2 +0.2 +0.2 +0.2 +0.2 +0.2 +0.2 +0.2
  NLO              0.9839    0.9733    0.9541    0.9357    0.9368     0.928    0.9126    0.9121    0.9185    0.9074
    +-             0.0048    0.0054    0.0063    0.0077    0.0084    0.0098     0.011     0.012     0.014     0.016
  NNLOJET       0.92342 +- 0.00064   pulls +12.4 +9.2 +4.8 +1.6 +1.6 +0.5 -1.0 -0.9 -0.3 -1.0
  NNLO            0.04227   0.03795    0.1056    0.1912    0.3782    0.4464    0.4864    0.7228     1.336    -1.544
    +-              0.035     0.042     0.052      0.07     0.084      0.11      0.14      0.18      0.77      0.61
  NNLOJET       -0.55296 +- 0.35   pulls +1.7 +1.7 +1.9 +2.1 +2.6 +2.8 +2.8 +3.3 +2.2 -1.4
  NNLO(no corr)   0.03487   0.03282   0.09677    0.1835    0.3711     0.384     0.458    0.5052   -0.7779    -3.458
    +-              0.034     0.041     0.052      0.07     0.083       0.1      0.13      0.18      0.22      0.27
  rcorr          0.007405  0.005131  0.008813  0.007659  0.007105    0.0624   0.02838    0.2176     2.114     1.914
    +-             0.0083    0.0086    0.0084    0.0087    0.0094     0.031     0.039     0.025      0.73      0.55
  conv         -0.0004008-0.0005566   0.02278 -0.004676 -0.003937  -0.00557  -0.04475   -0.2253    0.3304    0.6166
    +-            0.00045   0.00048     0.023    0.0034    0.0034     0.004     0.032      0.18      0.15       1.5
  edge           -0.09056    -4.033    -11.44    -29.47    -51.69     -83.7    -144.1    -207.5    -362.2    -566.7
    +-               0.13      0.15      0.18      0.31      0.32      0.41      0.52      0.54      0.71      0.84
  plain-r        -0.03431    -3.873    -11.52    -29.33    -51.79    -83.84    -144.3      -207    -362.6    -566.7
    +-              0.088      0.14      0.13      0.22      0.26      0.35      0.45      0.75      0.65      0.86
  plain-rcorr   0.0008785 0.0008281 0.0001349   -0.2159   -0.1572   -0.1563   -0.2174   0.04904     1.554     2.561
    +-            0.00081   0.00093    0.0019      0.22      0.23      0.22      0.23      0.23      0.42      0.36

ptavg 30-60
  LO                2.657     2.657     2.657     2.657     2.657     2.657     2.657     2.657     2.657     2.657
    +-            0.00055   0.00055   0.00055   0.00055   0.00055   0.00055   0.00055   0.00055   0.00055   0.00055
  NNLOJET       2.6571 +- 3.7e-05   pulls +0.4 +0.4 +0.4 +0.4 +0.4 +0.4 +0.4 +0.4 +0.4 +0.4
  NLO             -0.1012   -0.1087   -0.1175   -0.1217   -0.1265   -0.1295   -0.1308   -0.1322   -0.1331    -0.141
    +-             0.0023    0.0028    0.0032     0.004    0.0043    0.0047    0.0055    0.0062    0.0076    0.0092
  NNLOJET       -0.13036 +- 0.00026   pulls +12.4 +7.6 +4.0 +2.2 +0.9 +0.2 -0.1 -0.3 -0.4 -1.2
  NNLO           -0.06532 -0.007747   0.03583     0.123    0.1607    0.2358    0.4075    0.4027    0.2344   -0.1448
    +-              0.018     0.021     0.026     0.037     0.053     0.061     0.095     0.092      0.14      0.27
  NNLOJET       -0.17588 +- 0.044   pulls +2.3 +3.4 +4.1 +5.2 +4.9 +5.5 +5.6 +5.7 +2.7 +0.1
  NNLO(no corr)  -0.05759 0.0002448    0.0434     0.131    0.1675    0.2326    0.3025    0.1973    -0.673    -1.302
    +-              0.017      0.02     0.025     0.036     0.052      0.06     0.076     0.086      0.11      0.15
  rcorr         -0.007732 -0.007992 -0.007566 -0.007963 -0.006801  0.003259     0.105    0.2054    0.9074     1.157
    +-             0.0078    0.0078    0.0078    0.0078    0.0081     0.011     0.058      0.03     0.093      0.23
  conv          2.945e-05-5.494e-06 -0.000144-0.0005405-0.0003997  0.001236 -0.003148  -0.01753     0.103     1.081
    +-            0.00014   0.00014   0.00018   0.00045   0.00058    0.0037    0.0032     0.093     0.028      0.38
  edge            -0.3715    -2.623    -6.545    -15.49    -26.22    -41.39    -69.99    -99.64    -171.6    -264.7
    +-              0.039     0.057     0.068     0.099      0.14      0.16      0.22      0.25      0.34      0.45
  plain-r         -0.5644    -2.818    -6.694    -15.95    -26.66    -41.95    -70.69    -99.97      -172    -265.1
    +-              0.049     0.057     0.079      0.13      0.15      0.23      0.33      0.37      0.31      0.43
  plain-rcorr  -4.825e-05 0.0001619  0.000493  0.000502   0.01019   0.01052   0.07993    0.1773     1.126    0.9205
    +-              7e-05   0.00029   0.00035   0.00098     0.014     0.017     0.023     0.025       0.2      0.29

m12 20-30
  LO                50.71     50.71     50.71     50.71     50.71     50.71     50.71     50.71     50.71     50.71
    +-             0.0063    0.0063    0.0063    0.0063    0.0063    0.0063    0.0063    0.0063    0.0063    0.0063
  NNLOJET       50.711 +- 0.00045   pulls -0.1 -0.1 -0.1 -0.1 -0.1 -0.1 -0.1 -0.1 -0.1 -0.1
  NLO               1.858     1.333    0.9967    0.7321     0.615    0.5368    0.4876    0.4133    0.3638    0.4331
    +-              0.025      0.03     0.036     0.046      0.05     0.059     0.066      0.07     0.078      0.09
  NNLOJET       0.54101 +- 0.0046   pulls +51.2 +25.8 +12.5 +4.2 +1.5 -0.1 -0.8 -1.8 -2.3 -1.2
  NNLO              6.334     6.465     5.782     7.292      6.02     7.472     6.368     6.925     5.321     3.276
    +-               0.44      0.53      0.58      0.73      0.99       1.1       1.4         2       2.3       2.9
  NNLOJET       8.3483 +- 0.89   pulls -2.0 -1.8 -2.4 -0.9 -1.8 -0.6 -1.2 -0.6 -1.3 -1.7
  NNLO(no corr)     6.359     6.627     5.808     7.345      6.09     7.587     6.213     6.346    0.8984    -16.26
    +-               0.44      0.52      0.58      0.73      0.98       1.1       1.4         2       2.2       2.6
  rcorr          -0.02485   -0.1617   -0.0257  -0.05232  -0.07016   -0.1156    0.1554    0.5797     4.423     19.53
    +-              0.032      0.13     0.032     0.037     0.068       0.1      0.14      0.39      0.39       1.4
  conv            0.00143  0.003812-0.0003231 0.0001402  0.006754    0.2288   0.09727    0.1926     1.931     2.909
    +-              0.002    0.0032    0.0025     0.004    0.0069      0.22     0.078      0.12       1.2       1.2
  edge              24.09     2.227    -43.47    -160.8    -315.7    -545.6    -986.7     -1459     -2648     -4242
    +-                  1       1.2       1.8       2.1       2.3       2.8       3.4       3.8       4.9         6
  plain-r           9.844    -6.959    -55.65    -172.5    -325.2    -554.8    -996.5     -1472     -2658     -4239
    +-               0.86       1.8       2.3       2.5       3.6       3.2         4       4.3       5.6       6.4
  plain-rcorr   -0.002063   -0.5059  0.003305 -0.009255   0.08762     0.129    0.6134     1.681     4.655     17.68
    +-             0.0017       0.5    0.0053     0.027     0.056      0.09      0.37       1.4      0.73       1.2

m12 30-45
  LO                35.54     35.54     35.54     35.54     35.54     35.54     35.54     35.54     35.54     35.54
    +-             0.0049    0.0049    0.0049    0.0049    0.0049    0.0049    0.0049    0.0049    0.0049    0.0049
  NNLOJET       35.545 +- 0.0003   pulls -0.2 -0.2 -0.2 -0.2 -0.2 -0.2 -0.2 -0.2 -0.2 -0.2
  NLO               7.185     7.135     7.015     6.927     6.891     6.842     6.828     6.817     6.826     6.782
    +-              0.018     0.022     0.025      0.03     0.034     0.037     0.041     0.044      0.05     0.058
  NNLOJET       6.7881 +- 0.0031   pulls +21.3 +15.6 +9.1 +4.6 +3.0 +1.5 +1.0 +0.6 +0.8 -0.1
  NNLO               4.48     4.135     4.085     5.674      6.13     6.144     7.269     6.996      5.79    0.9875
    +-               0.29      0.33      0.43       1.5       1.4       1.3       1.2       1.2       1.3       1.9
  NNLOJET       2.9449 +- 0.77   pulls +1.9 +1.4 +1.3 +1.6 +2.0 +2.2 +3.1 +2.8 +1.8 -1.0
  NNLO(no corr)     4.226      3.88     3.838     5.423     5.974     5.882     6.787     6.163     1.109    -12.32
    +-               0.21      0.26      0.38       1.5       1.4       1.2       1.2       1.2       1.3       1.6
  rcorr            0.2546    0.2545    0.2477    0.2508    0.1559     0.262    0.4824    0.8328     4.681     13.31
    +-               0.21      0.21      0.21      0.21      0.22      0.21      0.22      0.24      0.43      0.95
  conv          -0.000151 -0.003079 -0.003621  -0.01102   0.01056   0.01697  -0.04993    -0.093   -0.1339     2.991
    +-            0.00098    0.0019    0.0036     0.011    0.0074     0.012     0.093     0.092      0.36      0.63
  edge              9.917    -4.201    -36.32    -120.3    -225.2      -379    -681.4     -1008     -1815     -2900
    +-               0.81       1.1       1.2       1.3       1.5       1.7         2       2.4       2.9       4.1
  plain-r           7.672    -7.659     -39.5    -121.4      -228    -385.1    -689.6     -1015     -1825     -2912
    +-               0.71      0.75       1.1      0.98       1.3       2.1       2.1       2.3         3       5.6
  plain-rcorr    -0.01059   -0.0127  -0.01246   -0.0647   -0.1528   -0.1065    0.1744    0.6056     5.508     13.86
    +-             0.0077    0.0088    0.0091     0.045       0.1     0.064      0.13      0.28       1.1       1.6

m12 45-65
  LO                13.11     13.11     13.11     13.11     13.11     13.11     13.11     13.11     13.11     13.11
    +-             0.0026    0.0026    0.0026    0.0026    0.0026    0.0026    0.0026    0.0026    0.0026    0.0026
  NNLOJET       13.108 +- 0.00016   pulls +0.1 +0.1 +0.1 +0.1 +0.1 +0.1 +0.1 +0.1 +0.1 +0.1
  NLO               3.028     3.065     3.069     3.052     3.043      3.03      3.01      3.01     3.022     3.035
    +-               0.01     0.011     0.012     0.014     0.015     0.016     0.019     0.021     0.027     0.032
  NNLOJET       3.0169 +- 0.0017   pulls +1.1 +4.4 +4.1 +2.5 +1.7 +0.8 -0.4 -0.3 +0.2 +0.5
  NNLO              1.173     1.148    0.8587   -0.3656   -0.1777   0.06188    0.0745    0.3258     2.191    -1.825
    +-               0.13      0.14      0.16       1.3       1.3       1.3       1.4       1.4       2.2       1.5
  NNLOJET       -0.18548 +- 0.38   pulls +3.4 +3.3 +2.6 -0.1 +0.0 +0.2 +0.2 +0.4 +1.1 -1.0
  NNLO(no corr)     1.174     1.153     0.859   -0.4196   -0.2385  -0.04174  -0.05096   -0.2618    -2.619    -7.534
    +-               0.13      0.14      0.16       1.3       1.3       1.3       1.4       1.4       1.4       1.4
  rcorr         -0.001249 -0.004757-0.0002927   0.05394   0.06073    0.1036    0.1255    0.5876      4.81     5.709
    +-             0.0043    0.0041    0.0048     0.058     0.059      0.07     0.073      0.15       1.7      0.52
  conv         -0.0005046 -0.000462   0.02309 -0.003345 -0.007264 -0.009871  -0.08374   -0.1705    0.3342     1.193
    +-            0.00046   0.00049     0.023    0.0036    0.0056    0.0066     0.041      0.18      0.17       1.4
  edge              1.347    -5.051    -18.52    -51.52    -92.39    -152.6    -268.9      -391    -695.6     -1101
    +-               0.32      0.39      0.41      0.58      0.67      0.75       1.1       1.2       1.5       1.8
  plain-r           1.859    -5.044    -18.46    -50.68    -92.61    -152.8      -269    -392.3    -696.6     -1100
    +-               0.22      0.31      0.35      0.47      0.62      0.76      0.95       1.1       1.3       1.7
  plain-rcorr   0.0007103 0.0001555 -0.006533   -0.2255   -0.1758   -0.1584   -0.2701    0.5032     2.474     5.954
    +-            0.00084     0.001    0.0054      0.22      0.23      0.22      0.23       0.4      0.47       0.7

m12 65-120
  LO                3.816     3.816     3.816     3.816     3.816     3.816     3.816     3.816     3.816     3.816
    +-             0.0011    0.0011    0.0011    0.0011    0.0011    0.0011    0.0011    0.0011    0.0011    0.0011
  NNLOJET       3.8168 +- 6.3e-05   pulls -0.3 -0.3 -0.3 -0.3 -0.3 -0.3 -0.3 -0.3 -0.3 -0.3
  NLO               0.275    0.2859    0.2826    0.2761    0.2722    0.2669    0.2618    0.2624    0.2639     0.255
    +-              0.004    0.0047    0.0052    0.0066    0.0069    0.0075    0.0084    0.0092     0.011     0.013
  NNLOJET       0.26951 +- 0.0006   pulls +1.4 +3.4 +2.5 +1.0 +0.4 -0.3 -0.9 -0.8 -0.5 -1.1
  NNLO             0.1882    0.1753      0.24    0.3654      0.36    0.4531    0.6111    0.4623    0.2357    -1.054
    +-              0.024     0.029     0.033      0.05     0.064     0.077      0.12      0.12      0.18      0.63
  NNLOJET       -0.0015498 +- 0.043   pulls +3.9 +3.4 +4.4 +5.5 +4.7 +5.2 +4.9 +3.6 +1.3 -1.7
  NNLO(no corr)     0.188    0.1753    0.2394    0.3658     0.358    0.4318    0.4895    0.2757   -0.7464    -2.079
    +-              0.024     0.029     0.033      0.05     0.064     0.076       0.1      0.12      0.15      0.24
  rcorr         0.0001696-2.157e-05 0.0006221-0.0003736  0.002013   0.02134    0.1215    0.1866    0.9821     1.024
    +-             0.0005   0.00062   0.00066    0.0024    0.0031    0.0083     0.057     0.024     0.096      0.59
  conv         -1.967e-06-0.0001552-0.0002586-0.0007662-0.0003459  0.001085 -0.009367   -0.0324    0.1099     1.816
    +-             0.0002   0.00016   0.00021   0.00052   0.00085    0.0037     0.015     0.094     0.036      0.71
  edge            -0.1693    -2.958    -7.817    -19.62    -33.57    -53.74    -91.84    -131.8    -229.2    -356.7
    +-              0.068     0.085      0.12      0.15       0.2      0.27       0.3      0.38      0.49      0.68
  plain-r         -0.2293    -3.083    -7.953    -19.83    -33.93    -54.07    -92.51    -131.7    -229.4    -357.2
    +-              0.074     0.092      0.12      0.18       0.2      0.27      0.36      0.41      0.49      0.91
  plain-rcorr  -6.888e-05 0.0001921  0.001631 0.0007964   0.02454   0.01461   0.09724    0.2658     1.364     1.421
    +-            7.3e-05   0.00028   0.00071    0.0015     0.017     0.017     0.027     0.046      0.21      0.36
