b0         8 seeds; max |mean - trimmed|/err = 0.73
b1       168 seeds; max |mean - trimmed|/err = 0.13
lo       200 seeds; max |mean - trimmed|/err = 0.16
b2        92 seeds; max |mean - trimmed|/err = 0.18
vi       250 seeds; max |mean - trimmed|/err = 0.99
kp       200 seeds; max |mean - trimmed|/err = 0.48
r       3500 seeds; max |mean - trimmed|/err = 2.81
rcorr    400 seeds; max |mean - trimmed|/err = 1.51
conv     200 seeds; max |mean - trimmed|/err = 1.34
edge     300 seeds; max |mean - trimmed|/err = 0.98
plain-r   300 seeds; max |mean - trimmed|/err = 1.30
plain-rcorr   100 seeds; max |mean - trimmed|/err = 1.00
tau_cut             2e-02     1e-02     5e-03     2e-03     1e-03     5e-04     2e-04     1e-04     3e-05     1e-05

total 0-0
  LO                103.3     103.3     103.3     103.3     103.3     103.3     103.3     103.3     103.3     103.3
    +-             0.0044    0.0044    0.0044    0.0044    0.0044    0.0044    0.0044    0.0044    0.0044    0.0044
  NNLOJET       103.28 +- 0.00053   pulls -0.3 -0.3 -0.3 -0.3 -0.3 -0.3 -0.3 -0.3 -0.3 -0.3
  NLO               12.31     11.78     11.33     10.95     10.79     10.64     10.55     10.47     10.43     10.46
    +-              0.029     0.034      0.04     0.051     0.058     0.065     0.074     0.078     0.086       0.1
  NNLOJET       10.58 +- 0.0048   pulls +59.0 +34.6 +18.6 +7.2 +3.5 +0.9 -0.5 -1.4 -1.7 -1.2
  NNLO              11.65     11.31     10.88     13.46     14.49     17.08     18.32     19.71     18.26     8.898
    +-               0.27      0.34      0.41      0.55       0.7      0.84         1       1.2       1.6       2.4
  NNLOJET       11.12 +- 1.2   pulls +0.4 +0.2 -0.2 +1.8 +2.4 +4.1 +4.6 +5.1 +3.6 -0.8
  NNLO(no corr)     11.65     11.32     10.88     13.48      14.5     17.01     17.68     17.97     5.426    -31.26
    +-               0.27      0.34      0.41      0.55       0.7      0.84         1       1.2       1.5       1.9
  rcorr          0.001653  -0.01191 -0.005213  -0.02654   -0.0147   0.07301    0.6428     1.737     12.84     40.16
    +-             0.0054    0.0072    0.0068     0.019     0.047     0.057      0.13       0.2      0.49       1.5
  conv         -0.0001122 -0.001574-0.0007639 -0.009441  0.008041   0.02308  -0.04458   0.04596     1.378     9.776
    +-             0.0012    0.0015    0.0026    0.0064     0.009     0.013      0.08      0.12      0.46       1.2
  edge              35.24    -10.06    -105.7    -352.1    -666.7     -1132     -2031     -2993     -5395     -8606
    +-               0.97       1.1       1.6       2.2       2.5       3.1       3.9       4.3       5.2       6.3
  plain-r           18.67    -24.31    -120.2    -363.2      -680     -1146     -2048     -3012     -5411     -8615
    +-               0.76         1       1.3       1.7       2.3       3.1       3.9       4.6       5.7       6.5
  plain-rcorr   -0.005647  -0.01713 -0.009347  -0.09129  -0.06598   0.04212     0.521      2.06     13.67     39.11
    +-             0.0031    0.0092    0.0092     0.055      0.12      0.12      0.23      0.51         1       1.6

q2 125-250
  LO                43.18     43.18     43.18     43.18     43.18     43.18     43.18     43.18     43.18     43.18
    +-             0.0058    0.0058    0.0058    0.0058    0.0058    0.0058    0.0058    0.0058    0.0058    0.0058
  NNLOJET       43.189 +- 0.00034   pulls -1.3 -1.3 -1.3 -1.3 -1.3 -1.3 -1.3 -1.3 -1.3 -1.3
  NLO               7.813     7.812     7.736     7.649     7.608     7.576     7.537     7.529      7.53       7.5
    +-              0.021     0.026     0.031     0.041     0.046     0.049     0.054      0.06     0.067     0.076
  NNLOJET       7.5242 +- 0.0033   pulls +13.7 +11.2 +6.7 +3.1 +1.8 +1.1 +0.2 +0.1 +0.1 -0.3
  NNLO               6.97     6.688     6.257     7.564     8.169     9.653     10.34     10.56     9.328     3.499
    +-                0.2      0.25       0.3      0.41      0.51      0.62      0.74      0.86       1.1       1.6
  NNLOJET       6.9167 +- 1   pulls +0.1 -0.2 -0.6 +0.6 +1.1 +2.3 +2.8 +2.8 +1.6 -1.8
  NNLO(no corr)      6.97     6.698     6.259     7.594     8.172     9.583     9.909     9.407     1.095    -19.14
    +-                0.2      0.25       0.3      0.41      0.51      0.62      0.73      0.85       1.1       1.3
  rcorr         0.0004648 -0.009785 -0.002191  -0.03068 -0.002888   0.07001    0.4331     1.152     8.233     22.64
    +-             0.0029    0.0051    0.0047     0.012     0.028     0.037     0.098      0.13      0.33      0.92
  conv          0.0009463-0.0006095 0.0003686 -0.001748  0.006236  0.008807  -0.01788  -0.06614    0.8187     6.641
    +-            0.00076   0.00071    0.0015     0.004    0.0063     0.011     0.044     0.081      0.23      0.96
  edge              11.54    -17.95    -74.45      -216    -390.3    -642.3     -1126     -1633     -2890     -4554
    +-               0.68      0.78       1.1       1.7       2.1       2.4       2.9       3.2       3.9       4.9
  plain-r           4.825     -24.2    -81.59    -219.2    -394.9    -650.3     -1129     -1641     -2897     -4559
    +-               0.58      0.75      0.95       1.3       1.6       2.1       2.6         3       3.8       4.6
  plain-rcorr   -0.002703  -0.01709 -0.005171   -0.1009   -0.1022    0.1181    0.2591    0.8385     9.305      23.8
    +-             0.0019    0.0091    0.0068     0.054       0.1     0.081      0.19      0.33      0.77       1.4

q2 250-500
  LO                29.07     29.07     29.07     29.07     29.07     29.07     29.07     29.07     29.07     29.07
    +-              0.004     0.004     0.004     0.004     0.004     0.004     0.004     0.004     0.004     0.004
  NNLOJET       29.068 +- 0.00026   pulls +0.5 +0.5 +0.5 +0.5 +0.5 +0.5 +0.5 +0.5 +0.5 +0.5
  NLO               2.749     2.593     2.476     2.393     2.355     2.327     2.304     2.272     2.252     2.284
    +-              0.015     0.019     0.021     0.026     0.029     0.033     0.035     0.039     0.044     0.052
  NNLOJET       2.3067 +- 0.0023   pulls +29.1 +15.1 +8.2 +3.3 +1.7 +0.6 -0.1 -0.9 -1.3 -0.4
  NNLO              2.997     3.125     3.189      4.31     4.949      5.81      6.08     5.991     5.414     2.929
    +-               0.12      0.15      0.19      0.26      0.31      0.39      0.49      0.59      0.75       1.1
  NNLOJET       3.0541 +- 0.57   pulls -0.1 +0.1 +0.2 +2.0 +2.9 +4.0 +4.0 +3.6 +2.5 -0.1
  NNLO(no corr)     2.996     3.124     3.188     4.307     4.934     5.781     5.937     5.631     2.412     -7.22
    +-               0.12      0.15      0.19      0.26      0.31      0.39      0.49      0.58      0.73       0.9
  rcorr          0.000211 0.0007305  0.001076  0.003673   0.01441   0.02863    0.1429    0.3598     3.002     10.15
    +-            0.00086    0.0011    0.0015    0.0028    0.0067     0.016     0.028     0.067      0.17      0.55
  conv         -7.625e-05-8.775e-05 0.0001444 -0.001358  0.002801  0.007626  -0.04031   0.08601    0.4481       2.4
    +-            0.00017   0.00022   0.00046    0.0018    0.0027    0.0042     0.028     0.059      0.15      0.35
  edge               11.9    0.4073    -24.92    -90.14    -175.1    -300.7    -545.8    -810.6     -1468     -2352
    +-               0.46      0.53      0.75      0.95       1.1       1.4       1.9       2.2       2.7       3.2
  plain-r           6.661    -3.945     -28.7    -94.45    -178.2    -303.1    -550.7    -814.5     -1474     -2354
    +-               0.36      0.49      0.62      0.88       1.1       1.3       1.7       1.9       2.6         3
  plain-rcorr  -0.0008395  0.000139  -0.00114  0.007686  0.006507  -0.05847    0.1711    0.6824     3.449     8.756
    +-             0.0004   0.00078    0.0022    0.0063     0.033     0.031     0.094      0.18      0.39      0.75

q2 500-1000
  LO                17.04     17.04     17.04     17.04     17.04     17.04     17.04     17.04     17.04     17.04
    +-             0.0024    0.0024    0.0024    0.0024    0.0024    0.0024    0.0024    0.0024    0.0024    0.0024
  NNLOJET       17.042 +- 0.00022   pulls +0.3 +0.3 +0.3 +0.3 +0.3 +0.3 +0.3 +0.3 +0.3 +0.3
  NLO              0.8432    0.7026    0.5951    0.4925    0.4522    0.4077     0.406    0.3902    0.3883    0.3973
    +-             0.0096     0.012     0.015     0.019      0.02     0.023     0.028     0.031     0.035     0.042
  NNLOJET       0.43746 +- 0.0016   pulls +41.7 +22.3 +10.5 +2.9 +0.7 -1.3 -1.1 -1.5 -1.4 -1.0
  NNLO             0.9349    0.8197    0.8127     1.568     1.726     2.265     2.778     3.287     3.182     1.613
    +-              0.067     0.088      0.11      0.15      0.19      0.25      0.33      0.39       0.5      0.66
  NNLOJET       0.85812 +- 0.32   pulls +0.2 -0.1 -0.1 +2.0 +2.3 +3.5 +4.2 +4.8 +3.9 +1.0
  NNLO(no corr)    0.9349      0.82    0.8141      1.57     1.728     2.263     2.788     3.221     2.256    -2.443
    +-              0.067     0.088      0.11      0.15      0.19      0.25      0.33      0.39      0.49      0.62
  rcorr         5.209e-05-0.0003183  -0.00144 -0.001614 -0.002708  0.001605  -0.01044   0.06633    0.9252     4.056
    +-            0.00055   0.00051   0.00079   0.00094    0.0017    0.0035      0.01     0.028     0.099      0.23
  conv         -0.0001052-3.525e-05 0.0001733 -0.001043  0.000367 -0.002151 1.051e-05  0.007635   0.06165    0.7462
    +-            0.00011    0.0002   0.00031   0.00099   0.00097    0.0015    0.0078    0.0075     0.052      0.16
  edge              7.135     3.275    -6.196    -32.71    -69.59      -126    -236.1    -356.6    -664.1     -1080
    +-               0.23      0.31      0.42      0.66      0.83         1       1.3       1.5       1.9       2.4
  plain-r            4.07     1.002    -9.034    -35.02    -71.44    -126.2    -236.8    -357.2    -660.9     -1073
    +-               0.15      0.27      0.34       0.5      0.63      0.88       1.1       1.3       1.7         2
  plain-rcorr   0.0003856 0.0009902 0.0004218  0.001423 -0.005751  0.002998   0.04313   0.01436    0.9214     3.972
    +-            0.00021   0.00048    0.0012    0.0023    0.0048     0.012     0.027     0.074      0.14      0.36

q2 1000-2000
  LO                8.521     8.521     8.521     8.521     8.521     8.521     8.521     8.521     8.521     8.521
    +-             0.0015    0.0015    0.0015    0.0015    0.0015    0.0015    0.0015    0.0015    0.0015    0.0015
  NNLOJET       8.5191 +- 0.00018   pulls +1.5 +1.5 +1.5 +1.5 +1.5 +1.5 +1.5 +1.5 +1.5 +1.5
  NLO               0.393    0.2782    0.1997    0.1459    0.1164   0.08389   0.06812   0.05855   0.06939   0.08595
    +-             0.0054    0.0073    0.0099     0.012     0.014     0.017     0.019     0.021     0.024     0.029
  NNLOJET       0.097476 +- 0.0013   pulls +53.4 +24.5 +10.2 +3.9 +1.3 -0.8 -1.5 -1.8 -1.2 -0.4
  NNLO             0.2041    0.0761    0.1857    0.3575    0.5676    0.7648     1.074     1.309     1.388     1.099
    +-              0.036     0.045     0.059     0.079      0.11      0.14      0.19      0.23       0.3       0.4
  NNLOJET       0.31993 +- 0.14   pulls -0.8 -1.6 -0.9 +0.2 +1.4 +2.2 +3.2 +3.7 +3.2 +1.9
  NNLO(no corr)    0.2041   0.07627    0.1859    0.3579     0.568    0.7669     1.073     1.275     1.154   -0.2423
    +-              0.036     0.045     0.059     0.079      0.11      0.14      0.19      0.23       0.3      0.38
  rcorr         5.055e-05-0.0001638-0.0002376-0.0003762-0.0004568 -0.002033  0.001394   0.03356    0.2347     1.342
    +-            8.4e-05   0.00012   0.00026   0.00037   0.00058    0.0016    0.0037    0.0097      0.03       0.1
  conv         -4.734e-06-4.475e-05-0.0001078-0.0003805-0.0005149  0.000312 -0.003365 -0.007602   -0.0149   0.08947
    +-            6.3e-06   2.2e-05   5.9e-05   0.00021   0.00026   0.00062     0.002    0.0037     0.013     0.038
  edge              3.016     2.479   -0.5822    -10.39    -23.62     -44.6    -85.89    -132.7    -253.5    -421.5
    +-               0.13      0.19      0.22      0.29      0.35      0.46       0.6      0.73      0.97       1.3
  plain-r           1.973     1.433    -1.552    -11.11    -24.48    -46.07    -89.18      -136    -257.5    -424.9
    +-               0.08      0.13      0.18      0.27      0.37      0.58      0.69      0.83         1       1.2
  plain-rcorr   1.897e-05-7.494e-06 2.208e-06  -8.6e-05  0.002145  0.002277  0.004973   0.04769     0.201     1.906
    +-            2.7e-05   4.8e-05    0.0001   0.00033    0.0018    0.0027     0.014      0.02     0.044      0.32

q2 2000-5000
  LO                4.321     4.321     4.321     4.321     4.321     4.321     4.321     4.321     4.321     4.321
    +-            0.00079   0.00079   0.00079   0.00079   0.00079   0.00079   0.00079   0.00079   0.00079   0.00079
  NNLOJET       4.3201 +- 0.00016   pulls +0.6 +0.6 +0.6 +0.6 +0.6 +0.6 +0.6 +0.6 +0.6 +0.6
  NLO              0.3262    0.2449    0.1882    0.1546    0.1426    0.1411     0.131    0.1177     0.108    0.1144
    +-              0.004    0.0049    0.0063    0.0089    0.0099     0.011     0.013     0.014     0.018     0.022
  NNLOJET       0.11692 +- 0.0011   pulls +50.7 +25.6 +11.1 +4.2 +2.6 +2.2 +1.1 +0.1 -0.5 -0.1
  NNLO            0.02756  -0.01233  -0.05062  -0.02697   0.08341    0.3173    0.5479    0.7716    0.7985    0.8432
    +-              0.018     0.023     0.032     0.044     0.056     0.075      0.11      0.14      0.19      0.25
  NNLOJET       0.004896 +- 0.11   pulls +0.2 -0.1 -0.5 -0.3 +0.6 +2.3 +3.4 +4.3 +3.6 +3.0
  NNLO(no corr)   0.02757  -0.01234   -0.0507  -0.02693   0.08352    0.3173    0.5488    0.7729    0.7518    0.4529
    +-              0.018     0.023     0.032     0.044     0.056     0.075      0.11      0.14      0.19      0.25
  rcorr        -5.008e-06 2.549e-06 8.548e-05-3.806e-05-0.0001029-2.809e-05-0.0008494 -0.001381   0.04671    0.3903
    +-            8.5e-06   1.6e-05     3e-05   0.00011   0.00018   0.00028   0.00088    0.0036     0.011     0.045
  conv          -3.79e-06-1.259e-05-1.674e-05 8.658e-06 5.024e-05 3.853e-05   3.7e-05 0.0007444  0.004073   0.03974
    +-            5.1e-06   7.3e-06   8.3e-06   5.7e-05     6e-05   8.9e-05   0.00023   0.00062    0.0039     0.014
  edge              1.277     1.144     0.293    -2.883    -7.475    -15.34    -31.74    -49.71    -98.83    -166.8
    +-              0.051     0.069       0.1      0.14      0.19      0.31      0.38      0.52      0.71      0.99
  plain-r          0.8403    0.7066  -0.01715    -2.796    -7.816    -15.62    -32.06    -50.96    -99.83    -167.5
    +-              0.029     0.051       0.1      0.14       0.2      0.24      0.44      0.55      0.77      0.97
  plain-rcorr   8.487e-06-6.031e-06 -3.91e-06-4.215e-05-0.0005199 -0.001796  0.002561   0.01161   0.05562    0.2878
    +-            6.6e-06   1.1e-05   5.2e-05   7.7e-05   0.00037   0.00098    0.0024    0.0043      0.03     0.077

q2 5000-20000
  LO                1.144     1.144     1.144     1.144     1.144     1.144     1.144     1.144     1.144     1.144
    +-            0.00093   0.00093   0.00093   0.00093   0.00093   0.00093   0.00093   0.00093   0.00093   0.00093
  NNLOJET       1.1428 +- 0.00013   pulls +1.0 +1.0 +1.0 +1.0 +1.0 +1.0 +1.0 +1.0 +1.0 +1.0
  NLO              0.1879    0.1518    0.1302    0.1116     0.108    0.1028    0.1007   0.09802   0.09052   0.08546
    +-             0.0021    0.0023    0.0031    0.0043    0.0047    0.0053    0.0068    0.0081    0.0095     0.011
  NNLOJET       0.097001 +- 0.0008   pulls +40.3 +22.1 +10.4 +3.3 +2.3 +1.1 +0.5 +0.1 -0.7 -1.0
  NNLO           0.008885   -0.0125  -0.03339  -0.02836  -0.02964   0.05632    0.1391     0.216    0.1778    0.1515
    +-             0.0055    0.0068    0.0088     0.014     0.017     0.023     0.033     0.044     0.066     0.089
  NNLOJET       -0.033775 +- 0.038   pulls +1.1 +0.5 +0.0 +0.1 +0.1 +2.0 +3.4 +4.3 +2.8 +1.9
  NNLO(no corr)  0.008883   -0.0125   -0.0334  -0.02839  -0.02966   0.05629     0.139    0.2155    0.1756    0.1231
    +-             0.0055    0.0068    0.0088     0.014     0.017     0.023     0.033     0.044     0.066     0.089
  rcorr         1.414e-06 4.043e-06 9.898e-06 2.563e-05 1.931e-05 3.326e-05 6.075e-05 0.0004222  0.002288   0.02842
    +-            1.1e-06   2.9e-06   4.4e-06   8.3e-06   1.2e-05     2e-05   5.9e-05   0.00017    0.0015    0.0054
  conv         -3.923e-07-4.815e-07-2.554e-08 2.017e-07-8.339e-07-1.218e-06-1.187e-05 1.574e-05-0.0002993  0.001727
    +-            3.3e-07   3.8e-07   5.5e-07   1.2e-06   2.2e-06   4.4e-06   2.3e-05   4.2e-05    0.0005    0.0015
  edge              0.222    0.2926    0.2562   -0.2697    -1.053    -2.394    -5.194    -8.628    -18.38    -31.56
    +-              0.017      0.02     0.033     0.047     0.062     0.085      0.12      0.18      0.29      0.35
  plain-r          0.1394    0.1785    0.1444   -0.3189    -1.031    -2.322    -5.261    -8.605    -17.99    -31.83
    +-             0.0056     0.012     0.026     0.034      0.05     0.075      0.11      0.14      0.22      0.26
  plain-rcorr  -3.511e-07-4.412e-07-2.405e-06 1.057e-05  8.16e-07-1.598e-05 0.0002682 0.0008083   0.01127   0.03139
    +-            3.8e-07   6.2e-07   1.7e-06   4.8e-06   1.1e-05   2.4e-05   0.00029   0.00038    0.0042     0.012

ptavg 8-15
  LO                73.95     73.95     73.95     73.95     73.95     73.95     73.95     73.95     73.95     73.95
    +-             0.0047    0.0047    0.0047    0.0047    0.0047    0.0047    0.0047    0.0047    0.0047    0.0047
  NNLOJET       73.954 +- 0.00052   pulls -1.5 -1.5 -1.5 -1.5 -1.5 -1.5 -1.5 -1.5 -1.5 -1.5
  NLO               6.159      5.71     5.338     5.022     4.879     4.757     4.697     4.616     4.554     4.591
    +-              0.028     0.034     0.039     0.049     0.056     0.063     0.072     0.076     0.087     0.097
  NNLOJET       4.7453 +- 0.005   pulls +50.1 +28.5 +15.2 +5.6 +2.4 +0.2 -0.7 -1.7 -2.2 -1.6
  NNLO              8.541     8.176     7.654     9.845     10.22     12.49     12.96      14.5     13.69     10.18
    +-               0.26      0.32      0.39      0.52      0.66      0.79      0.97       1.1       1.4       2.1
  NNLOJET       9.5546 +- 1.1   pulls -0.9 -1.2 -1.6 +0.2 +0.5 +2.1 +2.3 +3.1 +2.3 +0.3
  NNLO(no corr)     8.546     8.199     7.672     9.886     10.24     12.51      12.7     13.75       6.7    -17.63
    +-               0.26      0.32      0.39      0.52      0.66      0.79      0.96       1.1       1.4       1.7
  rcorr         -0.005231  -0.02212  -0.01786  -0.04112    -0.013  -0.01306    0.2608     0.749     6.986     27.81
    +-             0.0061    0.0094    0.0067     0.015     0.026     0.042     0.087      0.15      0.41       1.2
  conv            0.00182  0.001891 0.0006974  0.001047   0.01024   0.02721   0.05591   0.07791    0.7012     4.327
    +-             0.0014    0.0021    0.0022    0.0051    0.0076     0.012     0.058     0.071      0.38      0.79
  edge              31.65     3.078    -58.96    -221.9    -435.4    -753.8     -1372     -2038     -3711     -5957
    +-               0.92       1.1       1.5         2       2.3         3       3.7         4       4.9       5.7
  plain-r           16.73    -10.18    -72.74    -233.6    -448.4    -767.5     -1387     -2055     -3724     -5964
    +-               0.69      0.99       1.2       1.6       2.2       2.8       3.8       4.3       5.2       6.2
  plain-rcorr   -0.003675  -0.01723 -0.009555  -0.02058  -0.03556   0.09011    0.3552    0.9944     7.216     26.18
    +-             0.0025    0.0093    0.0087     0.021     0.073     0.077      0.16      0.32      0.81       1.3

ptavg 15-22
  LO                20.51     20.51     20.51     20.51     20.51     20.51     20.51     20.51     20.51     20.51
    +-            0.00093   0.00093   0.00093   0.00093   0.00093   0.00093   0.00093   0.00093   0.00093   0.00093
  NNLOJET       20.502 +- 0.00017   pulls +7.8 +7.8 +7.8 +7.8 +7.8 +7.8 +7.8 +7.8 +7.8 +7.8
  NLO               5.293     5.238     5.186     5.141     5.119     5.106     5.093     5.094     5.119      5.13
    +-               0.01     0.012     0.013     0.015     0.017     0.018      0.02     0.023     0.027     0.033
  NNLOJET       5.0696 +- 0.0015   pulls +21.7 +13.8 +9.0 +4.7 +2.8 +2.0 +1.2 +1.0 +1.9 +1.8
  NNLO             0.5922    0.5546    0.6681     1.065     1.574     1.908     2.448      2.28     1.697     -1.57
    +-              0.071      0.09      0.11      0.15      0.19      0.23      0.28      0.33      0.45      0.65
  NNLOJET       0.011899 +- 0.23   pulls +2.4 +2.2 +2.6 +3.8 +5.3 +5.8 +6.7 +5.7 +3.3 -2.3
  NNLO(no corr)    0.5914    0.5532     0.662     1.058     1.559     1.884     2.283      1.86    -1.664     -10.5
    +-              0.071      0.09      0.11      0.15      0.19      0.23      0.28      0.32      0.43      0.54
  rcorr         0.0008023  0.001415  0.006061  0.006212   0.01454   0.02357    0.1655    0.4199     3.361      8.93
    +-             0.0018    0.0018    0.0036    0.0052    0.0091     0.014     0.041     0.051      0.15      0.36
  conv         -0.0004341-0.0009055-0.0009135 -0.002594  0.001513  -0.00193  -0.04431   0.04637    0.3837     2.942
    +-            0.00023   0.00058   0.00063    0.0012    0.0031    0.0047     0.027     0.036     0.069      0.26
  edge               1.63    -9.216    -30.76    -87.24      -155    -254.3    -445.7    -648.2     -1147     -1813
    +-               0.29      0.35      0.44      0.59      0.68      0.89       1.1       1.3       1.6       1.9
  plain-r           1.682    -8.792    -30.92     -85.9    -154.6      -254    -446.8    -649.6     -1151     -1816
    +-               0.19      0.26      0.39      0.49      0.61      0.81      0.94       1.2       1.5       1.7
  plain-rcorr  -0.0009789-0.0003478 4.277e-06 -0.008082 0.0004757  -0.05662   0.08486    0.5372     3.609     9.006
    +-            0.00047   0.00045    0.0014      0.01     0.012     0.031     0.067     0.085      0.36      0.64

ptavg 22-30
  LO                6.118     6.118     6.118     6.118     6.118     6.118     6.118     6.118     6.118     6.118
    +-             0.0013    0.0013    0.0013    0.0013    0.0013    0.0013    0.0013    0.0013    0.0013    0.0013
  NNLOJET       6.1183 +- 7.6e-05   pulls +0.0 +0.0 +0.0 +0.0 +0.0 +0.0 +0.0 +0.0 +0.0 +0.0
  NLO              0.9838    0.9737    0.9544    0.9358    0.9366    0.9279    0.9128     0.912     0.918    0.9087
    +-             0.0046    0.0052     0.006    0.0074     0.008    0.0093     0.011     0.012     0.014     0.015
  NNLOJET       0.92342 +- 0.00064   pulls +13.0 +9.6 +5.1 +1.7 +1.6 +0.5 -1.0 -1.0 -0.4 -1.0
  NNLO          -0.002271  -0.01822   0.07926    0.2156    0.4227    0.4672    0.5755    0.6118     0.473    -1.155
    +-              0.024      0.03     0.039     0.053     0.068     0.082      0.11      0.12      0.17      0.25
  NNLOJET       -0.55296 +- 0.35   pulls +1.6 +1.5 +1.8 +2.2 +2.8 +2.9 +3.1 +3.2 +2.6 -1.4
  NNLO(no corr)  -0.00319  -0.01894   0.07676    0.2137    0.4186     0.442    0.5278    0.4001   -0.8894    -3.527
    +-              0.024      0.03     0.039     0.053     0.068     0.082       0.1      0.12      0.16      0.22
  rcorr         0.0009195 0.0007154  0.002501  0.001893   0.00411   0.02521   0.04774    0.2117     1.362     2.371
    +-            0.00056   0.00061     0.001    0.0013     0.002    0.0056     0.013     0.019     0.064      0.13
  conv          4.386e-05-0.0001122 0.0001559 -0.000885 -0.000139 -0.002234  -0.01498  -0.03877    0.1925     1.263
    +-            7.1e-05   0.00017   0.00022   0.00061   0.00084    0.0022    0.0093     0.021     0.033      0.16
  edge          -0.003509    -3.943    -11.35    -29.55    -51.68    -83.67    -144.2    -207.5    -362.2    -566.8
    +-              0.079      0.11      0.14      0.24      0.27      0.36      0.44      0.49      0.66      0.75
  plain-r        -0.03739    -3.967    -11.52    -29.37    -51.74    -83.74    -144.2    -207.1    -362.4    -566.7
    +-              0.077       0.1      0.12      0.19      0.22      0.29      0.37      0.45      0.55      0.75
  plain-rcorr   0.0001077 9.413e-05 0.0009369 0.0003859 -0.008892   0.02198  -0.01936    0.2364     1.533     2.466
    +-            8.7e-05   0.00046   0.00077    0.0025     0.026      0.02     0.067     0.051      0.24      0.26

ptavg 30-60
  LO                2.657     2.657     2.657     2.657     2.657     2.657     2.657     2.657     2.657     2.657
    +-            0.00045   0.00045   0.00045   0.00045   0.00045   0.00045   0.00045   0.00045   0.00045   0.00045
  NNLOJET       2.6571 +- 3.7e-05   pulls +0.1 +0.1 +0.1 +0.1 +0.1 +0.1 +0.1 +0.1 +0.1 +0.1
  NLO             -0.1012   -0.1087   -0.1172   -0.1216   -0.1266   -0.1297   -0.1309   -0.1323   -0.1332   -0.1411
    +-             0.0022    0.0026     0.003    0.0038    0.0041    0.0044    0.0052    0.0059    0.0071    0.0085
  NNLOJET       -0.13036 +- 0.00026   pulls +13.3 +8.2 +4.3 +2.3 +0.9 +0.2 -0.1 -0.3 -0.4 -1.3
  NNLO           -0.04837  0.001949   0.05358    0.1556    0.2361    0.3282     0.431    0.4746    0.2021   -0.3052
    +-               0.01     0.014     0.018     0.025     0.031     0.039     0.051     0.061     0.093      0.15
  NNLOJET       -0.17588 +- 0.044   pulls +2.8 +3.8 +4.8 +6.5 +7.6 +8.5 +9.0 +8.6 +3.7 -0.8
  NNLO(no corr)  -0.04835  0.001875   0.05344    0.1557    0.2363    0.3214     0.377    0.2801   -0.5814    -1.216
    +-               0.01     0.014     0.018     0.025     0.031     0.039     0.051     0.059     0.081      0.11
  rcorr        -2.132e-05 7.371e-05 0.0001403-4.614e-05-0.0001435  0.006803   0.05403    0.1946    0.7835    0.9105
    +-              7e-05   0.00011   0.00026   0.00045    0.0011    0.0024    0.0071     0.016     0.045       0.1
  conv         -9.136e-06-4.457e-05-0.0001276 -0.000368-0.0001673-0.0009841-0.0008336  0.002891     0.103    0.7693
    +-            3.3e-05   3.9e-05   7.4e-05   0.00019   0.00024   0.00078    0.0016    0.0073     0.015     0.086
  edge            -0.3679    -2.634    -6.529    -15.49    -26.23    -41.39    -69.95    -99.63    -171.7    -264.8
    +-              0.035     0.049     0.063     0.089      0.12      0.15      0.18      0.22      0.29      0.37
  plain-r         -0.5516      -2.8    -6.656    -15.86     -26.6     -41.8    -70.39    -99.72    -171.9    -265.1
    +-              0.033     0.044     0.064     0.086      0.11      0.14      0.17      0.21      0.26      0.35
  plain-rcorr  -3.684e-05 9.691e-05  0.000435 0.0006316 0.0001499  0.002134   0.07283    0.1723    0.9875    0.9577
    +-            5.8e-05    0.0002   0.00029    0.0007    0.0037     0.011     0.018     0.021      0.13      0.18

m12 20-30
  LO                50.71     50.71     50.71     50.71     50.71     50.71     50.71     50.71     50.71     50.71
    +-             0.0057    0.0057    0.0057    0.0057    0.0057    0.0057    0.0057    0.0057    0.0057    0.0057
  NNLOJET       50.711 +- 0.00045   pulls -0.0 -0.0 -0.0 -0.0 -0.0 -0.0 -0.0 -0.0 -0.0 -0.0
  NLO               1.858     1.333    0.9966    0.7328    0.6176    0.5441    0.4952     0.418    0.3637    0.4318
    +-              0.024     0.029     0.035     0.043     0.047     0.055     0.062     0.065     0.073     0.084
  NNLOJET       0.54101 +- 0.0046   pulls +53.7 +26.8 +13.0 +4.4 +1.6 +0.1 -0.7 -1.9 -2.4 -1.3
  NNLO               6.02     6.115     5.985     8.116       8.1     10.26     10.14     11.43      10.5     9.203
    +-               0.23      0.28      0.34      0.45      0.57      0.68      0.85      0.98       1.2       1.9
  NNLOJET       8.3483 +- 0.89   pulls -2.5 -2.4 -2.5 -0.2 -0.2 +1.7 +1.5 +2.3 +1.4 +0.4
  NNLO(no corr)     6.019     6.118     5.986     8.136     8.084     10.28     10.05      11.1     5.976    -10.02
    +-               0.23      0.28      0.34      0.45      0.56      0.68      0.85      0.98       1.2       1.5
  rcorr         0.0004936 -0.003109-0.0007912  -0.01968   0.01603  -0.02304   0.08324    0.3363     4.519     19.23
    +-             0.0032    0.0043    0.0038      0.01     0.013     0.026      0.06      0.11      0.28       1.1
  conv          0.0003809 0.0009427 -0.000781-0.0002225   0.00391   0.01279   0.02777    0.1021    0.9094     3.103
    +-            0.00067   0.00093    0.0013    0.0024    0.0043    0.0072     0.029     0.058      0.31      0.72
  edge              23.61     2.142     -43.3    -160.5    -314.6    -545.1    -985.7     -1458     -2647     -4240
    +-               0.82      0.94       1.4       1.7       1.9       2.4         3       3.5       4.4       5.3
  plain-r            9.95    -8.188     -53.3    -170.4    -324.9      -553    -993.7     -1469     -2654     -4237
    +-                0.6      0.92       1.1       1.5       1.9       2.3       3.2       3.6       4.4         5
  plain-rcorr   -0.000601 -0.003978  0.003186  0.004197   0.03934    0.1139    0.3264    0.5433     4.905     17.68
    +-            0.00049    0.0029    0.0041     0.013     0.018     0.066      0.14      0.25      0.55       1.1

m12 30-45
  LO                35.54     35.54     35.54     35.54     35.54     35.54     35.54     35.54     35.54     35.54
    +-              0.005     0.005     0.005     0.005     0.005     0.005     0.005     0.005     0.005     0.005
  NNLOJET       35.545 +- 0.0003   pulls -0.3 -0.3 -0.3 -0.3 -0.3 -0.3 -0.3 -0.3 -0.3 -0.3
  NLO               7.184     7.133     7.013     6.924     6.887     6.838     6.825     6.812     6.824     6.782
    +-              0.017     0.021     0.024     0.028     0.031     0.035     0.039     0.042     0.047     0.055
  NNLOJET       6.7881 +- 0.0031   pulls +22.4 +16.3 +9.4 +4.7 +3.1 +1.4 +0.9 +0.6 +0.8 -0.1
  NNLO              4.196     3.887     3.804     4.405      5.36     5.886      7.23     7.397     6.441     2.695
    +-               0.14      0.16      0.19      0.26      0.33       0.4      0.48      0.56      0.76         1
  NNLOJET       2.9449 +- 0.77   pulls +1.6 +1.2 +1.1 +1.8 +2.9 +3.4 +4.7 +4.7 +3.2 -0.2
  NNLO(no corr)     4.195     3.892     3.811     4.409     5.367     5.881     6.976     6.817     1.972    -11.41
    +-               0.14      0.16      0.19      0.26      0.33       0.4      0.47      0.56      0.72      0.87
  rcorr         0.0007581 -0.004831 -0.006421 -0.003896 -0.006822  0.004963    0.2543    0.5796     4.469      14.1
    +-             0.0036    0.0041    0.0045     0.007      0.02     0.026     0.057     0.084      0.24      0.56
  conv         -0.0001994 -0.001245-0.0005247 -0.003795  0.006072  0.007913  -0.01388  -0.02115    0.1195     2.854
    +-            0.00028   0.00071   0.00085    0.0035    0.0043    0.0065     0.033     0.045      0.22      0.37
  edge              10.41    -4.102    -35.53    -119.7    -224.4    -378.3    -681.1     -1007     -1814     -2896
    +-               0.49       0.7      0.75      0.96       1.2       1.4       1.7       2.1       2.6       2.9
  plain-r           6.947    -8.078    -40.46    -121.8    -227.8    -384.2    -688.9     -1014     -1824     -2907
    +-               0.38       0.5      0.59      0.84         1       1.4       1.5       1.9       2.5         3
  plain-rcorr   -0.003798 -0.005962 -0.006544  -0.02758   -0.1021  -0.07934    0.1469    0.5257     5.013     13.79
    +-             0.0025     0.005    0.0055     0.018     0.077     0.049       0.1      0.19       0.6      0.79

m12 45-65
  LO                13.11     13.11     13.11     13.11     13.11     13.11     13.11     13.11     13.11     13.11
    +-             0.0026    0.0026    0.0026    0.0026    0.0026    0.0026    0.0026    0.0026    0.0026    0.0026
  NNLOJET       13.108 +- 0.00016   pulls +0.4 +0.4 +0.4 +0.4 +0.4 +0.4 +0.4 +0.4 +0.4 +0.4
  NLO               3.028     3.064     3.068      3.05     3.042      3.03     3.009     3.008     3.021     3.033
    +-             0.0095      0.01     0.012     0.013     0.014     0.015     0.018     0.021     0.026     0.031
  NNLOJET       3.0169 +- 0.0017   pulls +1.2 +4.6 +4.3 +2.5 +1.8 +0.8 -0.4 -0.4 +0.2 +0.5
  NNLO              1.021    0.9857    0.8304     1.026     1.372     1.639     1.677     1.907     1.694   -0.2671
    +-               0.06     0.069     0.084      0.11      0.14      0.17      0.22      0.26      0.35      0.51
  NNLOJET       -0.18548 +- 0.38   pulls +3.2 +3.1 +2.6 +3.1 +3.9 +4.4 +4.3 +4.6 +3.7 -0.1
  NNLO(no corr)     1.022    0.9861    0.8296     1.027     1.367     1.607     1.587      1.47   -0.8271    -5.693
    +-               0.06     0.069     0.084      0.11      0.14      0.17      0.21      0.26      0.33      0.43
  rcorr        -0.0006656-0.0003678 0.0008174-0.0006007  0.005433   0.03229   0.09081    0.4369     2.521     5.426
    +-            0.00086   0.00088    0.0017    0.0019    0.0044    0.0097     0.023     0.042      0.12      0.27
  conv         -4.324e-05-9.109e-05 0.0004811-0.0001824 -0.002016 -0.006014  -0.04901 -0.005453    0.2301     2.146
    +-             0.0001   0.00017   0.00031   0.00077    0.0026    0.0037     0.024     0.023     0.061      0.23
  edge              1.354    -4.979    -18.33    -51.44    -92.27    -152.4    -268.4    -390.5    -695.2     -1101
    +-               0.23      0.27      0.34      0.45      0.55      0.66      0.85      0.98       1.2       1.6
  plain-r             1.8    -4.859    -18.37    -50.59    -92.29    -152.4    -268.5      -392    -696.2     -1100
    +-               0.18      0.23      0.28      0.39       0.5      0.61      0.74      0.84       1.1       1.4
  plain-rcorr   4.147e-05-0.0004247 -0.002436 -0.008919  -0.02768   0.01914  -0.07328    0.4019     2.436     5.787
    +-            0.00019   0.00055     0.002      0.01     0.025     0.027     0.084     0.089      0.33      0.54

m12 65-120
  LO                3.816     3.816     3.816     3.816     3.816     3.816     3.816     3.816     3.816     3.816
    +-              0.001     0.001     0.001     0.001     0.001     0.001     0.001     0.001     0.001     0.001
  NNLOJET       3.8168 +- 6.3e-05   pulls -0.5 -0.5 -0.5 -0.5 -0.5 -0.5 -0.5 -0.5 -0.5 -0.5
  NLO              0.2749    0.2858    0.2825    0.2758    0.2725    0.2674    0.2619    0.2626    0.2638     0.256
    +-             0.0038    0.0045     0.005    0.0063    0.0066    0.0071    0.0078    0.0086    0.0099     0.012
  NNLOJET       0.26951 +- 0.0006   pulls +1.4 +3.6 +2.6 +1.0 +0.5 -0.3 -1.0 -0.8 -0.6 -1.1
  NNLO             0.1779    0.1704    0.2559    0.3799    0.4354    0.5462    0.6759     0.571     0.272   -0.6066
    +-              0.017     0.021     0.027     0.037     0.045     0.057     0.073     0.086      0.13      0.21
  NNLOJET       -0.0015498 +- 0.043   pulls +3.9 +3.6 +5.1 +6.7 +7.0 +7.7 +8.0 +5.9 +2.0 -2.8
  NNLO(no corr)    0.1779    0.1704    0.2554    0.3797    0.4338     0.532    0.6096    0.3851   -0.6507    -1.893
    +-              0.017     0.021     0.027     0.037     0.045     0.057     0.073     0.085      0.12      0.16
  rcorr        -1.008e-05  7.62e-05 0.0004403 0.0001733  0.001527   0.01416   0.06636    0.1859    0.9228     1.286
    +-            8.1e-05   0.00021   0.00033   0.00064    0.0013    0.0033    0.0092     0.015     0.052      0.13
  conv          1.397e-05-4.038e-05-0.0001226-0.0006384-1.304e-05   -0.0013  -0.00132  0.004141    0.1209     1.141
    +-            5.1e-05   4.7e-05   9.7e-05   0.00029   0.00046   0.00099    0.0031     0.011      0.02      0.15
  edge            -0.1778    -2.961    -7.834     -19.6    -33.62    -53.72     -91.7    -131.7      -229    -356.6
    +-               0.06     0.079     0.098      0.14      0.16      0.21      0.24      0.31      0.41      0.61
  plain-r         -0.2075    -3.074    -7.918    -19.68    -33.77    -53.91    -92.18    -131.5    -229.4    -356.5
    +-              0.057     0.076       0.1      0.12      0.14      0.19      0.25      0.31       0.4      0.55
  plain-rcorr  -5.802e-05 0.0001538  0.001268 0.0003226   0.01486  0.006327   0.09301      0.24     1.238     1.405
    +-            6.2e-05   0.00016   0.00046   0.00093      0.01     0.011     0.023     0.031      0.15      0.23
