b0         8 seeds; max |mean - trimmed|/err = 0.73
b1       200 seeds; max |mean - trimmed|/err = 0.11
lo       200 seeds; max |mean - trimmed|/err = 0.16
b2       100 seeds; max |mean - trimmed|/err = 0.17
vi       250 seeds; max |mean - trimmed|/err = 0.99
kp       200 seeds; max |mean - trimmed|/err = 0.48
r      DIAGNOSTIC: 64 of 3495 seeds left out (non-finite or |iteration| > 100000)
r       3431 seeds; max |mean - trimmed|/err = 2.34
rcorr  DIAGNOSTIC: 100 of 399 seeds left out (non-finite or |iteration| > 10000)
rcorr    299 seeds; max |mean - trimmed|/err = 1.46
tau_cut             2e-02     1e-02     5e-03     2e-03     1e-03     5e-04     2e-04     1e-04     3e-05     1e-05

total 0-0
  LO                103.3     103.3     103.3     103.3     103.3     103.3     103.3     103.3     103.3     103.3
    +-             0.0046    0.0046    0.0046    0.0046    0.0046    0.0046    0.0046    0.0046    0.0046    0.0046
  NNLOJET       103.28 +- 0.00053   pulls -0.4 -0.4 -0.4 -0.4 -0.4 -0.4 -0.4 -0.4 -0.4 -0.4
  NLO               12.31     11.78     11.33     10.95     10.79     10.65     10.56     10.48     10.45     10.48
    +-              0.031     0.036     0.043     0.054     0.061     0.068     0.077     0.082      0.09       0.1
  NNLOJET       10.58 +- 0.0048   pulls +55.6 +32.8 +17.2 +6.9 +3.4 +1.0 -0.3 -1.3 -1.4 -0.9
  NNLO              11.27     11.75     12.63     18.05     23.98     33.24     40.72     48.08     49.33     50.07
    +-               0.39      0.44      0.48      0.59      0.76       1.7       1.8         2       5.8         6
  NNLOJET       11.12 +- 1.2   pulls +0.1 +0.5 +1.2 +5.2 +9.1 +10.7 +13.7 +15.8 +6.5 +6.3
  NNLO(no corr)     11.26     11.74     12.61     18.08     23.99     32.02     40.06     47.01     44.24     16.19
    +-               0.39      0.44      0.48      0.59      0.73      0.92       1.2       1.5       2.3       3.7
  rcorr          0.005817  0.009788   0.01704  -0.02794  -0.01406     1.223    0.6644     1.066     5.092     33.88
    +-              0.018     0.021     0.023     0.033       0.2       1.4       1.3       1.3       5.3       4.7

q2 125-250
  LO                43.18     43.18     43.18     43.18     43.18     43.18     43.18     43.18     43.18     43.18
    +-             0.0061    0.0061    0.0061    0.0061    0.0061    0.0061    0.0061    0.0061    0.0061    0.0061
  NNLOJET       43.189 +- 0.00034   pulls -1.5 -1.5 -1.5 -1.5 -1.5 -1.5 -1.5 -1.5 -1.5 -1.5
  NLO               7.814     7.814     7.739     7.659     7.616     7.586     7.546     7.538     7.541     7.519
    +-              0.022     0.027     0.033     0.043     0.048     0.051     0.056     0.062      0.07      0.08
  NNLOJET       7.5242 +- 0.0033   pulls +13.1 +10.6 +6.5 +3.1 +1.9 +1.2 +0.4 +0.2 +0.2 -0.1
  NNLO              6.884     7.406     8.544     10.86     13.92     18.69     20.09     23.76     21.37      20.4
    +-               0.32      0.37      0.38      0.46      0.54       1.5       1.3       1.5       5.3       4.4
  NNLOJET       6.9167 +- 1   pulls -0.0 +0.5 +1.5 +3.6 +6.2 +6.4 +8.1 +9.2 +2.7 +3.0
  NNLO(no corr)     6.892     7.408     8.545     10.91     13.89     17.45     20.94     23.52     18.89     1.195
    +-               0.32      0.37      0.38      0.46      0.53      0.65       0.8      0.96       1.4       2.1
  rcorr         -0.008369 -0.001988 -0.001473  -0.04554   0.03611     1.236   -0.8465     0.242     2.482      19.2
    +-              0.011      0.01     0.012     0.025     0.049       1.4         1       1.2       5.1       3.8

q2 250-500
  LO                29.07     29.07     29.07     29.07     29.07     29.07     29.07     29.07     29.07     29.07
    +-              0.004     0.004     0.004     0.004     0.004     0.004     0.004     0.004     0.004     0.004
  NNLOJET       29.068 +- 0.00026   pulls +0.3 +0.3 +0.3 +0.3 +0.3 +0.3 +0.3 +0.3 +0.3 +0.3
  NLO               2.749     2.594     2.478     2.393     2.354     2.325     2.305     2.273     2.253     2.281
    +-              0.016      0.02     0.022     0.027      0.03     0.034     0.037     0.041     0.047     0.055
  NNLOJET       2.3067 +- 0.0023   pulls +27.6 +14.4 +7.8 +3.2 +1.5 +0.5 -0.0 -0.8 -1.1 -0.5
  NNLO              2.934     2.938     3.045     5.092     6.969     9.283     13.13     14.03     15.21     15.13
    +-               0.17       0.2      0.22      0.26      0.39      0.42      0.99      0.71       1.5       2.1
  NNLOJET       3.0541 +- 0.57   pulls -0.2 -0.2 -0.0 +3.2 +5.6 +8.7 +8.8 +12.0 +7.6 +5.6
  NNLO(no corr)     2.921     2.928     3.028     5.084      7.08     9.296     11.72     13.74     14.12     6.578
    +-               0.17       0.2      0.22      0.26      0.35      0.42      0.56      0.64       0.9       1.4
  rcorr           0.01348   0.01039   0.01731  0.007683   -0.1102  -0.01333      1.41    0.2904     1.092     8.552
    +-             0.0085    0.0082    0.0094     0.011      0.18     0.034      0.82      0.31       1.2       1.5

q2 500-1000
  LO                17.04     17.04     17.04     17.04     17.04     17.04     17.04     17.04     17.04     17.04
    +-             0.0028    0.0028    0.0028    0.0028    0.0028    0.0028    0.0028    0.0028    0.0028    0.0028
  NNLOJET       17.042 +- 0.00022   pulls +0.2 +0.2 +0.2 +0.2 +0.2 +0.2 +0.2 +0.2 +0.2 +0.2
  NLO              0.8427     0.702    0.5948    0.4909    0.4534    0.4087    0.4081    0.3912    0.3902    0.3998
    +-               0.01     0.013     0.016      0.02     0.022     0.024     0.028     0.032     0.036     0.043
  NNLOJET       0.43746 +- 0.0016   pulls +39.7 +21.0 +10.0 +2.7 +0.7 -1.2 -1.0 -1.4 -1.3 -0.9
  NNLO              1.104     1.154    0.9352     1.558      2.31     3.545     5.118     6.458      7.75     8.715
    +-               0.11      0.14      0.19      0.22      0.28       0.3      0.37      0.48      0.55      0.81
  NNLOJET       0.85812 +- 0.32   pulls +0.7 +0.8 +0.2 +1.8 +3.4 +6.1 +8.6 +9.7 +10.8 +9.0
  NNLO(no corr)     1.106     1.156    0.9366     1.551     2.256     3.537     4.926     5.993     6.543     4.137
    +-               0.11      0.14      0.19      0.22      0.27       0.3      0.35      0.39      0.53      0.73
  rcorr         -0.002164 -0.001967 -0.001476  0.006791   0.05432  0.007992    0.1923    0.4651     1.207     4.578
    +-             0.0016    0.0017    0.0017    0.0072     0.055     0.016      0.13      0.28      0.16      0.36

q2 1000-2000
  LO                8.522     8.522     8.522     8.522     8.522     8.522     8.522     8.522     8.522     8.522
    +-             0.0022    0.0022    0.0022    0.0022    0.0022    0.0022    0.0022    0.0022    0.0022    0.0022
  NNLOJET       8.5191 +- 0.00018   pulls +1.2 +1.2 +1.2 +1.2 +1.2 +1.2 +1.2 +1.2 +1.2 +1.2
  NLO              0.3927    0.2778    0.1986    0.1445    0.1144   0.08078   0.06599   0.05545   0.06505   0.08017
    +-             0.0058    0.0076      0.01     0.013     0.015     0.018      0.02     0.022     0.025      0.03
  NNLOJET       0.097476 +- 0.0013   pulls +49.6 +23.3 +9.7 +3.6 +1.1 -0.9 -1.6 -1.9 -1.3 -0.6
  NNLO             0.2927    0.2031    0.1161     0.441    0.6141     1.202     1.549     2.628     3.355     3.647
    +-              0.062     0.076     0.083      0.11      0.14      0.16      0.23      0.25      0.33      0.53
  NNLOJET       0.31993 +- 0.14   pulls -0.2 -0.7 -1.2 +0.7 +1.5 +4.1 +4.5 +8.0 +8.3 +6.1
  NNLO(no corr)    0.2898    0.1997    0.1134    0.4379    0.6082     1.208      1.64     2.609     3.097      2.61
    +-               0.06     0.074     0.081      0.11      0.14      0.16      0.21      0.25      0.32      0.43
  rcorr          0.002875  0.003349  0.002688  0.003143  0.005831 -0.006251  -0.09025   0.01886    0.2575     1.037
    +-              0.016     0.016     0.016     0.016     0.016      0.02       0.1     0.033     0.091       0.3

q2 2000-5000
  LO                4.322     4.322     4.322     4.322     4.322     4.322     4.322     4.322     4.322     4.322
    +-             0.0018    0.0018    0.0018    0.0018    0.0018    0.0018    0.0018    0.0018    0.0018    0.0018
  NNLOJET       4.3201 +- 0.00016   pulls +0.9 +0.9 +0.9 +0.9 +0.9 +0.9 +0.9 +0.9 +0.9 +0.9
  NLO              0.3257     0.245    0.1885    0.1547    0.1436     0.141    0.1311    0.1182    0.1076    0.1145
    +-             0.0043    0.0051    0.0067    0.0092      0.01     0.012     0.013     0.015     0.018     0.022
  NNLOJET       0.11692 +- 0.0011   pulls +47.4 +24.5 +10.5 +4.1 +2.6 +2.0 +1.1 +0.1 -0.5 -0.1
  NNLO            0.04063   0.03666 -0.007637     0.125    0.2203    0.5266    0.7672     1.015     1.385     1.951
    +-              0.028     0.034     0.051     0.058     0.078      0.13      0.13      0.16      0.21      0.29
  NNLOJET       0.004896 +- 0.11   pulls +0.3 +0.3 -0.1 +0.9 +1.6 +3.1 +4.4 +5.1 +5.7 +6.2
  NNLO(no corr)   0.04063   0.03666 -0.007626     0.125    0.2204    0.5277    0.7675    0.9668     1.341     1.464
    +-              0.028     0.034     0.051     0.058     0.078      0.13      0.13      0.15      0.21      0.28
  rcorr        -4.524e-06-8.322e-06-1.138e-05-1.775e-05-4.789e-05 -0.001121-0.0003762   0.04864   0.04399    0.4865
    +-            1.9e-05     4e-05   5.6e-05   0.00014   0.00037   0.00055    0.0033     0.042     0.023     0.097

q2 5000-20000
  LO                1.144     1.144     1.144     1.144     1.144     1.144     1.144     1.144     1.144     1.144
    +-              0.001     0.001     0.001     0.001     0.001     0.001     0.001     0.001     0.001     0.001
  NNLOJET       1.1428 +- 0.00013   pulls +1.0 +1.0 +1.0 +1.0 +1.0 +1.0 +1.0 +1.0 +1.0 +1.0
  NLO              0.1875    0.1517    0.1306    0.1125    0.1085    0.1033    0.1022   0.09991   0.09405   0.08925
    +-             0.0023    0.0025    0.0033    0.0046     0.005    0.0057    0.0072    0.0086      0.01     0.012
  NNLOJET       0.097001 +- 0.0008   pulls +37.7 +20.9 +10.0 +3.3 +2.3 +1.1 +0.7 +0.3 -0.3 -0.7
  NNLO            0.01362   0.01043 -0.003061  -0.02604  -0.05879 -0.002738   0.06126     0.184    0.2632    0.2355
    +-             0.0093     0.014     0.018     0.022     0.032     0.039     0.051     0.062     0.082      0.11
  NNLOJET       -0.033775 +- 0.038   pulls +1.2 +1.1 +0.7 +0.2 -0.5 +0.6 +1.5 +3.0 +3.3 +2.4
  NNLO(no corr)   0.01362   0.01042 -0.003063  -0.02604  -0.05874 -0.002862   0.06167    0.1833    0.2534    0.2072
    +-             0.0093     0.014     0.018     0.022     0.032     0.039     0.051     0.062     0.082       0.1
  rcorr         1.448e-06 1.098e-05 2.443e-06-3.517e-06-5.351e-05 0.0001239-0.0004122 0.0007008  0.009763   0.02835
    +-              2e-06   1.1e-05   1.6e-05     2e-05   6.5e-05   0.00021   0.00077    0.0013    0.0033    0.0073

ptavg 8-15
  LO                73.95     73.95     73.95     73.95     73.95     73.95     73.95     73.95     73.95     73.95
    +-             0.0052    0.0052    0.0052    0.0052    0.0052    0.0052    0.0052    0.0052    0.0052    0.0052
  NNLOJET       73.954 +- 0.00052   pulls -1.5 -1.5 -1.5 -1.5 -1.5 -1.5 -1.5 -1.5 -1.5 -1.5
  NLO               6.164      5.71     5.335     5.029     4.889      4.77     4.713     4.632     4.578     4.619
    +-              0.029     0.035     0.041     0.052     0.059     0.066     0.075     0.081     0.091       0.1
  NNLOJET       4.7453 +- 0.005   pulls +47.8 +27.4 +14.3 +5.5 +2.4 +0.4 -0.4 -1.4 -1.8 -1.2
  NNLO              8.399     8.586      9.21     13.86     19.17      27.3     34.71     40.57     48.17     50.38
    +-               0.38      0.42      0.45      0.55      0.71       1.6       1.3       1.4       2.2       3.7
  NNLOJET       9.5546 +- 1.1   pulls -1.0 -0.8 -0.3 +3.5 +7.2 +8.9 +14.4 +17.6 +15.8 +10.6
  NNLO(no corr)     8.401     8.583     9.196     13.89     19.28     26.08     33.51     39.62     41.94        24
    +-               0.38      0.42      0.45      0.55      0.69      0.85       1.1       1.3       1.9       2.7
  rcorr         -0.002071    0.0034   0.01391  -0.02612   -0.1088     1.216     1.207    0.9442     6.236     26.39
    +-              0.018     0.021     0.022     0.032      0.19       1.4      0.82      0.46       1.1       2.5

ptavg 15-22
  LO                20.51     20.51     20.51     20.51     20.51     20.51     20.51     20.51     20.51     20.51
    +-             0.0026    0.0026    0.0026    0.0026    0.0026    0.0026    0.0026    0.0026    0.0026    0.0026
  NNLOJET       20.502 +- 0.00017   pulls +2.1 +2.1 +2.1 +2.1 +2.1 +2.1 +2.1 +2.1 +2.1 +2.1
  NLO               5.293     5.238     5.186     5.139     5.118     5.104     5.091      5.09     5.115     5.125
    +-              0.011     0.013     0.013     0.016     0.018     0.019     0.021     0.024     0.027     0.033
  NNLOJET       5.0696 +- 0.0015   pulls +20.9 +13.0 +8.7 +4.4 +2.7 +1.8 +1.0 +0.9 +1.7 +1.7
  NNLO             0.6038    0.7992    0.9461     1.512     2.043     2.927     3.425     4.778     4.306     2.693
    +-              0.092      0.13      0.19      0.21      0.23      0.26      0.33      0.42      0.69      0.95
  NNLOJET       0.011899 +- 0.23   pulls +2.4 +3.0 +3.2 +4.8 +6.2 +8.5 +8.4 +10.0 +5.9 +2.7
  NNLO(no corr)    0.5949    0.7943    0.9405     1.512     1.976     2.906     3.347      4.28     1.386    -5.977
    +-              0.092      0.13      0.19      0.21      0.22      0.26      0.33      0.41      0.59      0.83
  rcorr           0.00892    0.0049  0.005588 1.762e-05   0.06691   0.02049   0.07852    0.4979     2.921      8.67
    +-             0.0063    0.0061    0.0093    0.0097     0.057     0.019     0.053     0.091      0.37      0.46

ptavg 22-30
  LO                6.119     6.119     6.119     6.119     6.119     6.119     6.119     6.119     6.119     6.119
    +-             0.0015    0.0015    0.0015    0.0015    0.0015    0.0015    0.0015    0.0015    0.0015    0.0015
  NNLOJET       6.1183 +- 7.6e-05   pulls +0.2 +0.2 +0.2 +0.2 +0.2 +0.2 +0.2 +0.2 +0.2 +0.2
  NLO              0.9841    0.9736    0.9545    0.9363    0.9375    0.9288    0.9136    0.9132    0.9199    0.9092
    +-             0.0048    0.0054    0.0063    0.0077    0.0083    0.0097     0.011     0.012     0.014     0.016
  NNLOJET       0.92342 +- 0.00064   pulls +12.5 +9.3 +4.9 +1.7 +1.7 +0.6 -0.9 -0.9 -0.3 -0.9
  NNLO           -0.05482 -0.004577   0.05767    0.1973    0.2404    0.4046     0.595     1.109    0.3485    -1.677
    +-              0.046     0.056     0.066     0.079     0.097      0.11      0.16      0.28       0.3       1.2
  NNLOJET       -0.55296 +- 0.35   pulls +1.4 +1.6 +1.7 +2.1 +2.2 +2.6 +3.0 +3.7 +2.0 -0.9
  NNLO(no corr)  -0.05315 -0.004546   0.06044     0.201    0.2227    0.4383    0.5423    0.5605   -0.8636    -3.162
    +-              0.046     0.056     0.066     0.079     0.095      0.11      0.15      0.17      0.24      0.35
  rcorr         -0.001673-3.065e-05 -0.002773 -0.003643   0.01774  -0.03372   0.05264    0.5485     1.212     1.485
    +-            0.00099    0.0019    0.0012     0.002     0.018     0.014     0.027      0.22      0.18       1.2

ptavg 30-60
  LO                2.657     2.657     2.657     2.657     2.657     2.657     2.657     2.657     2.657     2.657
    +-            0.00055   0.00055   0.00055   0.00055   0.00055   0.00055   0.00055   0.00055   0.00055   0.00055
  NNLOJET       2.6571 +- 3.7e-05   pulls +0.4 +0.4 +0.4 +0.4 +0.4 +0.4 +0.4 +0.4 +0.4 +0.4
  NLO             -0.1011   -0.1086   -0.1173   -0.1214   -0.1261    -0.129   -0.1302   -0.1314   -0.1321   -0.1397
    +-             0.0023    0.0028    0.0032    0.0039    0.0042    0.0046    0.0054    0.0061    0.0073    0.0089
  NNLOJET       -0.13036 +- 0.00026   pulls +12.5 +7.8 +4.1 +2.3 +1.0 +0.3 +0.0 -0.2 -0.2 -1.1
  NNLO           -0.02661   0.01702   0.06323    0.1211    0.1593    0.2453     0.615    0.3035    -3.579    -1.786
    +-               0.02     0.025     0.028     0.041     0.061      0.07      0.26      0.14       3.9       1.3
  NNLOJET       -0.17588 +- 0.044   pulls +3.1 +3.8 +4.6 +4.9 +4.5 +5.1 +3.0 +3.3 -0.9 -1.2
  NNLO(no corr)  -0.02724   0.01551   0.06294    0.1194    0.1499    0.2253    0.2903    0.1906   -0.5612    -1.436
    +-               0.02     0.025     0.028     0.041      0.06     0.069     0.076     0.089      0.12      0.17
  rcorr         0.0006313  0.001505  0.000295  0.001758  0.009405   0.01999    0.3247    0.1129    -3.018     -0.35
    +-             0.0006   0.00084   0.00083    0.0008    0.0034     0.013      0.25       0.1       3.9       1.3

m12 20-30
  LO                50.71     50.71     50.71     50.71     50.71     50.71     50.71     50.71     50.71     50.71
    +-             0.0063    0.0063    0.0063    0.0063    0.0063    0.0063    0.0063    0.0063    0.0063    0.0063
  NNLOJET       50.711 +- 0.00045   pulls -0.1 -0.1 -0.1 -0.1 -0.1 -0.1 -0.1 -0.1 -0.1 -0.1
  NLO               1.859     1.335         1    0.7374    0.6218    0.5453    0.4986    0.4264     0.381    0.4544
    +-              0.025      0.03     0.036     0.045      0.05     0.058     0.066     0.069     0.077     0.089
  NNLOJET       0.54101 +- 0.0046   pulls +51.3 +25.9 +12.6 +4.3 +1.6 +0.1 -0.6 -1.6 -2.1 -1.0
  NNLO              5.841     6.085      6.95     10.74     14.43     21.58     26.87     31.03     37.21        39
    +-               0.36       0.4      0.42      0.49      0.63       1.6       1.2       1.1       1.8       3.2
  NNLOJET       8.3483 +- 0.89   pulls -2.6 -2.3 -1.4 +2.4 +5.6 +7.3 +12.4 +16.2 +14.3 +9.3
  NNLO(no corr)     5.844     6.083      6.94     10.76     14.56     20.17     25.74     30.52     33.19     21.13
    +-               0.36       0.4      0.42      0.49      0.61      0.72      0.89         1       1.5         2
  rcorr         -0.002512  0.002646  0.009591  -0.01584   -0.1274     1.408     1.129    0.5117     4.025     17.88
    +-              0.017      0.02     0.021     0.025      0.18       1.4       0.8      0.24      0.99       2.4

m12 30-45
  LO                35.54     35.54     35.54     35.54     35.54     35.54     35.54     35.54     35.54     35.54
    +-             0.0049    0.0049    0.0049    0.0049    0.0049    0.0049    0.0049    0.0049    0.0049    0.0049
  NNLOJET       35.545 +- 0.0003   pulls -0.2 -0.2 -0.2 -0.2 -0.2 -0.2 -0.2 -0.2 -0.2 -0.2
  NLO               7.183     7.133     7.012     6.923     6.886     6.836      6.82     6.808     6.814     6.768
    +-              0.018     0.022     0.025      0.03     0.033     0.037     0.041     0.044     0.049     0.057
  NNLOJET       6.7881 +- 0.0031   pulls +21.2 +15.6 +9.0 +4.5 +2.9 +1.3 +0.8 +0.5 +0.5 -0.4
  NNLO              4.271     4.314     4.223     5.616     7.442     9.088     11.42     13.96     14.82     14.64
    +-               0.18      0.21      0.26      0.31      0.35      0.45      0.53      0.76         1       1.5
  NNLOJET       2.9449 +- 0.77   pulls +1.7 +1.7 +1.6 +3.2 +5.3 +6.9 +9.0 +10.2 +9.2 +6.9
  NNLO(no corr)     4.279     4.327     4.233     5.633     7.362     9.248      11.3     13.24      10.8    0.3339
    +-               0.18      0.21      0.26      0.31      0.35      0.41      0.53      0.65      0.88       1.3
  rcorr         -0.008038  -0.01353  -0.01031  -0.01651   0.08017   -0.1597    0.1154    0.7258     4.021      14.3
    +-              0.014     0.014     0.016     0.018     0.065      0.18      0.07      0.38      0.53      0.75

m12 45-65
  LO                13.11     13.11     13.11     13.11     13.11     13.11     13.11     13.11     13.11     13.11
    +-             0.0026    0.0026    0.0026    0.0026    0.0026    0.0026    0.0026    0.0026    0.0026    0.0026
  NNLOJET       13.108 +- 0.00016   pulls +0.1 +0.1 +0.1 +0.1 +0.1 +0.1 +0.1 +0.1 +0.1 +0.1
  NLO               3.029     3.066     3.071     3.055     3.047     3.035     3.016     3.016     3.031     3.045
    +-               0.01     0.011     0.012     0.014     0.015     0.016     0.019     0.021     0.026     0.032
  NNLOJET       3.0169 +- 0.0017   pulls +1.2 +4.5 +4.3 +2.7 +2.0 +1.1 -0.1 -0.0 +0.5 +0.9
  NNLO             0.9635     1.155     1.178     1.347     1.766     2.046     2.508     3.305     2.746   0.01199
    +-              0.085       0.1      0.13      0.14      0.17       0.2      0.27      0.38      0.45       1.5
  NNLOJET       -0.18548 +- 0.38   pulls +3.0 +3.4 +3.4 +3.8 +4.7 +5.2 +5.8 +6.5 +5.0 +0.1
  NNLO(no corr)    0.9473     1.135      1.16     1.344     1.743     2.086     2.403     2.627    0.8146    -3.702
    +-              0.084       0.1      0.13      0.14      0.17       0.2      0.27      0.31      0.41      0.63
  rcorr            0.0162   0.01984   0.01802   0.00335   0.02301  -0.03997    0.1048    0.6787     1.932     3.714
    +-              0.014     0.014     0.014     0.022     0.028     0.029     0.045      0.23      0.18       1.3

m12 65-120
  LO                3.816     3.816     3.816     3.816     3.816     3.816     3.816     3.816     3.816     3.816
    +-             0.0011    0.0011    0.0011    0.0011    0.0011    0.0011    0.0011    0.0011    0.0011    0.0011
  NNLOJET       3.8168 +- 6.3e-05   pulls -0.3 -0.3 -0.3 -0.3 -0.3 -0.3 -0.3 -0.3 -0.3 -0.3
  NLO              0.2747    0.2855    0.2821    0.2754    0.2713    0.2658    0.2603    0.2608    0.2617    0.2523
    +-              0.004    0.0047    0.0051    0.0066    0.0069    0.0074    0.0082     0.009      0.01     0.013
  NNLOJET       0.26951 +- 0.0006   pulls +1.3 +3.4 +2.4 +0.9 +0.3 -0.5 -1.1 -1.0 -0.8 -1.4
  NNLO             0.1804    0.1779    0.2578    0.3157    0.3053    0.4938     0.882    0.7939    -3.181    -1.633
    +-              0.025     0.033     0.037     0.052     0.071     0.082      0.27      0.16       3.7       1.2
  NNLOJET       -0.0015498 +- 0.043   pulls +3.6 +3.3 +4.6 +4.7 +3.7 +5.4 +3.2 +4.7 -0.9 -1.4
  NNLO(no corr)    0.1802     0.177    0.2581    0.3147    0.2959    0.4799    0.5692    0.6187   -0.5403    -1.951
    +-              0.025     0.033     0.037     0.052      0.07      0.08       0.1      0.12       0.2      0.25
  rcorr         0.0001786 0.0008499-0.0002557  0.001023  0.009373   0.01394    0.3128    0.1752    -2.641    0.3181
    +-            0.00086     0.001   0.00092    0.0011    0.0034     0.013      0.25      0.11       3.7       1.2
