b0         8 seeds; max |mean - trimmed|/err = 0.73
b1       200 seeds; max |mean - trimmed|/err = 0.11
lo       200 seeds; max |mean - trimmed|/err = 0.16
b2       100 seeds; max |mean - trimmed|/err = 0.17
vi       250 seeds; max |mean - trimmed|/err = 0.99
kp       200 seeds; max |mean - trimmed|/err = 0.48
r       3495 seeds; max |mean - trimmed|/err = 5.21
rcorr    399 seeds; max |mean - trimmed|/err = 1.50
tau_cut             2e-02     1e-02     5e-03     2e-03     1e-03     5e-04     2e-04     1e-04     3e-05     1e-05

total 0-0
  LO                103.3     103.3     103.3     103.3     103.3     103.3     103.3     103.3     103.3     103.3
    +-             0.0044    0.0044    0.0044    0.0044    0.0044    0.0044    0.0044    0.0044    0.0044    0.0044
  NNLOJET       103.28 +- 0.00053   pulls -0.3 -0.3 -0.3 -0.3 -0.3 -0.3 -0.3 -0.3 -0.3 -0.3
  NLO               12.31     11.79     11.34     10.96     10.79     10.64     10.55     10.48     10.45     10.48
    +-              0.029     0.034      0.04     0.051     0.058     0.065     0.073     0.078     0.085       0.1
  NNLOJET       10.58 +- 0.0048   pulls +59.1 +34.6 +18.6 +7.3 +3.6 +1.0 -0.3 -1.3 -1.5 -1.0
  NNLO              10.58      11.4     13.27     19.16      25.5     33.69     34.95     841.5 -1.05e+05-1.451e+143
    +-               0.26       0.3      0.38      0.51      0.65      0.84       4.9     1e+03   1.1e+05  1.5e+143
  NNLOJET       11.12 +- 1.2   pulls -0.4 +0.2 +1.7 +6.2 +10.6 +15.5 +4.7 +0.8 -0.9 -1.0
  NNLO(no corr)     10.58      11.4     13.27     19.18     25.46     33.68     42.23     49.42     46.53     15.22
    +-               0.26       0.3      0.38      0.51      0.65      0.84       1.1       1.4       1.8       2.2
  rcorr           0.00168 0.0003203  0.004465  -0.01842   0.04365  0.002499    -7.277     792.1-1.051e+05-1.451e+143
    +-             0.0033    0.0039    0.0064     0.012      0.03      0.05       4.8     1e+03   1.1e+05  1.5e+143

q2 125-250
  LO                43.18     43.18     43.18     43.18     43.18     43.18     43.18     43.18     43.18     43.18
    +-             0.0058    0.0058    0.0058    0.0058    0.0058    0.0058    0.0058    0.0058    0.0058    0.0058
  NNLOJET       43.189 +- 0.00034   pulls -1.3 -1.3 -1.3 -1.3 -1.3 -1.3 -1.3 -1.3 -1.3 -1.3
  NLO               7.814     7.814     7.738     7.653     7.613     7.582     7.546     7.539     7.542     7.516
    +-              0.021     0.025     0.031      0.04     0.046     0.049     0.053     0.059     0.067     0.075
  NNLOJET       7.5242 +- 0.0033   pulls +13.8 +11.3 +6.8 +3.2 +2.0 +1.2 +0.4 +0.3 +0.3 -0.1
  NNLO              6.464     7.058     8.868     11.69     14.82     18.41     12.97      1177 -1.42e+05-1.369e+95
    +-               0.19      0.22      0.28      0.37      0.45      0.57       4.6   9.4e+02     1e+05   1.4e+95
  NNLOJET       6.9167 +- 1   pulls -0.4 +0.1 +1.9 +4.5 +7.2 +10.0 +1.3 +1.2 -1.4 -1.0
  NNLO(no corr)     6.465     7.057     8.869     11.71     14.82     18.38     22.36     24.91     20.72      1.89
    +-               0.19      0.22      0.28      0.37      0.45      0.57       0.7      0.85       1.2       1.4
  rcorr         -0.001539 0.0001713 -0.001087   -0.0205 -0.002674   0.03572    -9.388      1152 -1.42e+05-1.369e+95
    +-             0.0022    0.0026    0.0039    0.0083     0.015     0.035       4.5   9.4e+02     1e+05   1.4e+95

q2 250-500
  LO                29.07     29.07     29.07     29.07     29.07     29.07     29.07     29.07     29.07     29.07
    +-              0.004     0.004     0.004     0.004     0.004     0.004     0.004     0.004     0.004     0.004
  NNLOJET       29.068 +- 0.00026   pulls +0.5 +0.5 +0.5 +0.5 +0.5 +0.5 +0.5 +0.5 +0.5 +0.5
  NLO               2.749     2.594     2.477     2.393     2.355     2.327     2.305     2.273     2.253     2.285
    +-              0.015     0.019     0.021     0.026     0.029     0.033     0.035     0.039     0.043     0.052
  NNLOJET       2.3067 +- 0.0023   pulls +29.1 +15.1 +8.2 +3.4 +1.7 +0.6 -0.1 -0.9 -1.2 -0.4
  NNLO              2.659     2.863     3.252     5.598     7.914     10.15     12.75     7.744    -773.1     -1226
    +-               0.12      0.15      0.18      0.23       0.3      0.37      0.46       4.8   4.1e+02   1.3e+03
  NNLOJET       3.0541 +- 0.57   pulls -0.7 -0.3 +0.3 +4.1 +7.5 +10.4 +13.2 +1.0 -1.9 -1.0
  NNLO(no corr)     2.658     2.863     3.249     5.597     7.894     10.16     12.64     14.85     15.39     7.496
    +-               0.12      0.15      0.18      0.23       0.3      0.36      0.45      0.55      0.74         1
  rcorr          0.001116  0.000261  0.003155  0.001338   0.01955 -0.002552    0.1106    -7.102    -788.5     -1233
    +-            0.00077   0.00086     0.002    0.0033    0.0087     0.011     0.065       4.8   4.1e+02   1.3e+03

q2 500-1000
  LO                17.04     17.04     17.04     17.04     17.04     17.04     17.04     17.04     17.04     17.04
    +-             0.0024    0.0024    0.0024    0.0024    0.0024    0.0024    0.0024    0.0024    0.0024    0.0024
  NNLOJET       17.042 +- 0.00022   pulls +0.3 +0.3 +0.3 +0.3 +0.3 +0.3 +0.3 +0.3 +0.3 +0.3
  NLO              0.8434    0.7029    0.5955    0.4929    0.4528    0.4084    0.4068     0.391    0.3893    0.3985
    +-             0.0096     0.012     0.015     0.019      0.02     0.023     0.027     0.031     0.035     0.041
  NNLOJET       0.43746 +- 0.0016   pulls +41.7 +22.4 +10.5 +3.0 +0.8 -1.3 -1.1 -1.5 -1.4 -0.9
  NNLO             0.8485    0.9138    0.9869     1.835     2.855     4.174     5.584     6.946    -4.152     10.44
    +-              0.069     0.089      0.11      0.15       0.2      0.24       0.3      0.35       6.1        19
  NNLOJET       0.85812 +- 0.32   pulls -0.0 +0.2 +0.4 +2.7 +5.3 +8.2 +10.7 +12.8 -0.8 +0.5
  NNLO(no corr)    0.8485    0.9137    0.9866     1.834     2.856     4.176     5.565     6.775     7.519      5.25
    +-              0.069     0.089      0.11      0.15       0.2      0.24       0.3      0.35      0.46      0.61
  rcorr        -1.303e-05 7.094e-05 0.0002886 0.0005963-0.0008364 -0.002131   0.01837    0.1713    -11.67     5.191
    +-            0.00031   0.00039   0.00045   0.00069    0.0013    0.0036      0.01     0.047         6        19

q2 1000-2000
  LO                8.521     8.521     8.521     8.521     8.521     8.521     8.521     8.521     8.521     8.521
    +-             0.0015    0.0015    0.0015    0.0015    0.0015    0.0015    0.0015    0.0015    0.0015    0.0015
  NNLOJET       8.5191 +- 0.00018   pulls +1.5 +1.5 +1.5 +1.5 +1.5 +1.5 +1.5 +1.5 +1.5 +1.5
  NLO              0.3927    0.2776    0.1988    0.1443    0.1143    0.0813   0.06468   0.05438   0.06381    0.0789
    +-             0.0054    0.0073    0.0099     0.012     0.014     0.017     0.019     0.021     0.024     0.029
  NNLOJET       0.097476 +- 0.0013   pulls +53.3 +24.4 +10.2 +3.7 +1.2 -1.0 -1.7 -2.0 -1.4 -0.6
  NNLO             0.1588    0.1234   0.05721      0.53    0.8148     1.499     2.147     3.191      4.08     8.688
    +-              0.036     0.046     0.057     0.079      0.11      0.14      0.18      0.21       0.3       2.3
  NNLOJET       0.31993 +- 0.14   pulls -1.1 -1.3 -1.7 +1.3 +2.7 +6.0 +7.9 +11.2 +11.2 +3.6
  NNLO(no corr)    0.1587    0.1234   0.05739    0.5299    0.8148     1.506     2.151     3.185      3.75     3.504
    +-              0.036     0.046     0.057     0.079      0.11      0.14      0.18      0.21      0.29      0.38
  rcorr         2.297e-05-3.794e-05-0.0001887 8.447e-05-1.098e-05 -0.006626 -0.003449  0.006131    0.3307     5.184
    +-              3e-05   7.5e-05   0.00012   0.00027   0.00061    0.0041    0.0049      0.01     0.087       2.3

q2 2000-5000
  LO                4.321     4.321     4.321     4.321     4.321     4.321     4.321     4.321     4.321     4.321
    +-            0.00079   0.00079   0.00079   0.00079   0.00079   0.00079   0.00079   0.00079   0.00079   0.00079
  NNLOJET       4.3201 +- 0.00016   pulls +0.6 +0.6 +0.6 +0.6 +0.6 +0.6 +0.6 +0.6 +0.6 +0.6
  NLO              0.3262    0.2449    0.1883    0.1548    0.1429    0.1415    0.1316    0.1185    0.1091    0.1158
    +-              0.004    0.0049    0.0063    0.0089    0.0099     0.011     0.013     0.014     0.017     0.021
  NNLOJET       0.11692 +- 0.0011   pulls +50.7 +25.6 +11.1 +4.2 +2.6 +2.2 +1.2 +0.1 -0.4 -0.1
  NNLO            0.01474   -0.0357    -0.102   0.09923    0.2512    0.5712    0.9656     1.306     1.808     2.282
    +-              0.019     0.025     0.032     0.046     0.059     0.079      0.11      0.14      0.19      0.26
  NNLOJET       0.004896 +- 0.11   pulls +0.1 -0.3 -0.9 +0.8 +1.9 +4.1 +6.1 +7.3 +8.1 +8.0
  NNLO(no corr)   0.01473  -0.03569    -0.102   0.09923    0.2512    0.5715    0.9661     1.305     1.774      1.94
    +-              0.019     0.025     0.032     0.046     0.059     0.079      0.11      0.14      0.19      0.25
  rcorr         4.302e-06-8.988e-06-2.633e-05-2.319e-06-4.091e-05-0.0003667-0.0004663 0.0008868   0.03376    0.3423
    +-              6e-06   1.3e-05   2.2e-05   5.8e-05   0.00011   0.00021   0.00073    0.0018    0.0083     0.093

q2 5000-20000
  LO                1.144     1.144     1.144     1.144     1.144     1.144     1.144     1.144     1.144     1.144
    +-            0.00093   0.00093   0.00093   0.00093   0.00093   0.00093   0.00093   0.00093   0.00093   0.00093
  NNLOJET       1.1428 +- 0.00013   pulls +1.0 +1.0 +1.0 +1.0 +1.0 +1.0 +1.0 +1.0 +1.0 +1.0
  NLO              0.1879    0.1519    0.1305    0.1122    0.1089     0.104    0.1025    0.1002   0.09353   0.08938
    +-             0.0021    0.0023    0.0031    0.0043    0.0047    0.0053    0.0068    0.0081    0.0094     0.011
  NNLOJET       0.097001 +- 0.0008   pulls +40.3 +22.2 +10.5 +3.5 +2.5 +1.3 +0.8 +0.4 -0.4 -0.7
  NNLO           0.008719  -0.01506  -0.04403  -0.04997  -0.04216   0.04575    0.1732    0.3487    0.4509    0.4616
    +-             0.0059     0.007     0.009     0.014     0.018     0.024     0.036     0.046     0.068     0.092
  NNLOJET       -0.033775 +- 0.038   pulls +1.1 +0.5 -0.3 -0.4 -0.2 +1.7 +3.9 +6.4 +6.2 +5.0
  NNLO(no corr)  0.008717  -0.01506  -0.04403  -0.04996  -0.04215   0.04578    0.1733    0.3486    0.4458    0.4378
    +-             0.0059     0.007     0.009     0.014     0.018     0.024     0.036     0.046     0.068     0.092
  rcorr         1.291e-06 2.558e-06 2.874e-06-2.334e-06-1.817e-05-3.492e-05-0.0001071 9.962e-05  0.005118   0.02383
    +-              7e-07   1.2e-06   2.1e-06   6.2e-06   1.2e-05   2.3e-05   0.00015   0.00021    0.0014    0.0033

ptavg 8-15
  LO                73.95     73.95     73.95     73.95     73.95     73.95     73.95     73.95     73.95     73.95
    +-             0.0047    0.0047    0.0047    0.0047    0.0047    0.0047    0.0047    0.0047    0.0047    0.0047
  NNLOJET       73.954 +- 0.00052   pulls -1.5 -1.5 -1.5 -1.5 -1.5 -1.5 -1.5 -1.5 -1.5 -1.5
  NLO               6.161     5.712     5.341     5.027     4.885     4.764     4.706     4.627     4.569     4.609
    +-              0.028     0.033     0.039     0.049     0.055     0.063     0.071     0.076     0.086     0.096
  NNLOJET       4.7453 +- 0.005   pulls +50.2 +28.6 +15.3 +5.7 +2.5 +0.3 -0.5 -1.6 -2.0 -1.4
  NNLO              7.657     8.143     9.648     14.82     20.53     27.57     35.71     42.61     49.77     40.52
    +-               0.25      0.29      0.34      0.46      0.59      0.75      0.96       1.2       1.7       4.4
  NNLOJET       9.5546 +- 1.1   pulls -1.7 -1.2 +0.1 +4.3 +8.7 +13.3 +17.7 +20.5 +19.9 +6.8
  NNLO(no corr)     7.659     8.146     9.643     14.84     20.52     27.56     35.51     41.99     44.77     26.95
    +-               0.25      0.29      0.34      0.46      0.59      0.75      0.95       1.2       1.6       2.2
  rcorr         -0.002131 -0.002833  0.004561  -0.01612   0.01084  0.008204    0.1972     0.619     4.996     13.57
    +-             0.0038    0.0042     0.005      0.01     0.021     0.045     0.096      0.13      0.48       3.8

ptavg 15-22
  LO                20.51     20.51     20.51     20.51     20.51     20.51     20.51     20.51     20.51     20.51
    +-            0.00093   0.00093   0.00093   0.00093   0.00093   0.00093   0.00093   0.00093   0.00093   0.00093
  NNLOJET       20.502 +- 0.00017   pulls +7.8 +7.8 +7.8 +7.8 +7.8 +7.8 +7.8 +7.8 +7.8 +7.8
  NLO               5.293     5.237     5.185     5.139     5.117     5.104      5.09      5.09     5.115     5.124
    +-               0.01     0.012     0.013     0.015     0.017     0.018      0.02     0.023     0.026     0.032
  NNLOJET       5.0696 +- 0.0015   pulls +21.7 +13.8 +9.0 +4.7 +2.7 +1.9 +1.0 +0.9 +1.7 +1.7
  NNLO             0.5516    0.7705     1.115     2.034     2.575     3.469     4.012     5.213    -44.55    -847.6
    +-              0.072     0.088      0.11      0.16      0.19      0.23      0.29      0.34        22   4.2e+02
  NNLOJET       0.011899 +- 0.23   pulls +2.2 +3.1 +4.3 +7.3 +8.6 +10.7 +10.9 +12.6 -2.0 -2.0
  NNLO(no corr)    0.5507    0.7706     1.115     2.036     2.573     3.458     3.986     4.827     2.404    -4.947
    +-              0.072     0.088      0.11      0.16      0.19      0.23      0.29      0.34      0.47      0.66
  rcorr         0.0009115-9.999e-05-0.0004493 -0.002027  0.002052   0.01084    0.0263    0.3857    -46.95    -842.6
    +-              0.001    0.0011     0.002    0.0033    0.0066     0.011     0.022     0.049        22   4.2e+02

ptavg 22-30
  LO                6.118     6.118     6.118     6.118     6.118     6.118     6.118     6.118     6.118     6.118
    +-             0.0013    0.0013    0.0013    0.0013    0.0013    0.0013    0.0013    0.0013    0.0013    0.0013
  NNLOJET       6.1183 +- 7.6e-05   pulls +0.0 +0.0 +0.0 +0.0 +0.0 +0.0 +0.0 +0.0 +0.0 +0.0
  NLO               0.984     0.974    0.9548    0.9363    0.9373    0.9287    0.9137    0.9132    0.9194    0.9104
    +-             0.0046    0.0052     0.006    0.0073     0.008    0.0092     0.011     0.011     0.013     0.015
  NNLOJET       0.92342 +- 0.00064   pulls +13.1 +9.7 +5.2 +1.8 +1.7 +0.6 -0.9 -0.9 -0.3 -0.9
  NNLO            -0.0383   0.04539    0.1943    0.3654    0.4238    0.6284    0.7292    0.9882    -101.9-1.226e+04
    +-              0.025     0.031     0.041     0.057     0.071     0.087      0.11      0.14   1.4e+02     7e+03
  NNLOJET       -0.55296 +- 0.35   pulls +1.5 +1.7 +2.1 +2.6 +2.8 +3.3 +3.5 +4.1 -0.7 -1.8
  NNLO(no corr)  -0.03811   0.04538     0.195    0.3671    0.4233    0.6396     0.691    0.7545   -0.6009    -2.792
    +-              0.025     0.031     0.041     0.057     0.071     0.087      0.11      0.13      0.17      0.23
  rcorr        -0.0001919 6.994e-06 -0.000751 -0.001634 0.0004383  -0.01126   0.03818    0.2337    -101.3-1.226e+04
    +-            0.00017   0.00029   0.00041    0.0009    0.0021    0.0045     0.011     0.046   1.4e+02     7e+03

ptavg 30-60
  LO                2.657     2.657     2.657     2.657     2.657     2.657     2.657     2.657     2.657     2.657
    +-            0.00045   0.00045   0.00045   0.00045   0.00045   0.00045   0.00045   0.00045   0.00045   0.00045
  NNLOJET       2.6571 +- 3.7e-05   pulls +0.1 +0.1 +0.1 +0.1 +0.1 +0.1 +0.1 +0.1 +0.1 +0.1
  NLO             -0.1011   -0.1085    -0.117   -0.1213   -0.1262   -0.1292   -0.1302   -0.1316   -0.1322   -0.1398
    +-             0.0022    0.0026     0.003    0.0037     0.004    0.0043     0.005    0.0057    0.0069    0.0083
  NNLOJET       -0.13036 +- 0.00026   pulls +13.4 +8.3 +4.4 +2.4 +1.0 +0.3 +0.0 -0.2 -0.3 -1.1
  NNLO           -0.03859   0.03347    0.1147    0.2314    0.3261    0.4141    0.3123    -161.6-2.763e+04 4.684e+04
    +-              0.011     0.014     0.019     0.026     0.033     0.042      0.15        81   2.3e+04   7.2e+04
  NNLOJET       -0.17588 +- 0.044   pulls +3.0 +4.5 +6.0 +7.9 +9.1 +9.6 +3.1 -2.0 -1.2 +0.6
  NNLO(no corr)   -0.0386   0.03325    0.1146    0.2304    0.3219    0.4058    0.4854    0.4162   -0.3217    -1.192
    +-              0.011     0.014     0.019     0.026     0.033     0.042     0.054     0.064     0.087      0.13
  rcorr         1.317e-05 0.0002191 6.564e-05 0.0009422   0.00419  0.008318   -0.1732    -162.1-2.763e+04 4.684e+04
    +-            5.1e-05   0.00012   0.00013   0.00037   0.00094    0.0019      0.14        81   2.3e+04   7.2e+04

m12 20-30
  LO                50.71     50.71     50.71     50.71     50.71     50.71     50.71     50.71     50.71     50.71
    +-             0.0057    0.0057    0.0057    0.0057    0.0057    0.0057    0.0057    0.0057    0.0057    0.0057
  NNLOJET       50.711 +- 0.00045   pulls -0.0 -0.0 -0.0 -0.0 -0.0 -0.0 -0.0 -0.0 -0.0 -0.0
  NLO               1.859     1.335         1    0.7382    0.6245    0.5527    0.5064    0.4314    0.3812    0.4535
    +-              0.024     0.029     0.035     0.043     0.047     0.054     0.061     0.065     0.072     0.083
  NNLOJET       0.54101 +- 0.0046   pulls +53.8 +27.0 +13.1 +4.6 +1.8 +0.2 -0.6 -1.7 -2.2 -1.1
  NNLO              5.236     5.652     7.284     11.57     15.66     21.33     27.58     32.77     38.92     6.869
    +-               0.22      0.25       0.3      0.41      0.49      0.62       0.8      0.93       1.3        13
  NNLOJET       8.3483 +- 0.89   pulls -3.4 -2.9 -1.1 +3.3 +7.2 +11.9 +16.1 +19.0 +18.9 -0.1
  NNLO(no corr)     5.237     5.653     7.281     11.58     15.65     21.33     27.45     32.36     35.63      23.7
    +-               0.22      0.25       0.3      0.41      0.49      0.62      0.79      0.92       1.3       1.7
  rcorr         -0.001241 -0.001079  0.002984 -0.008497  0.007637  0.001984    0.1347    0.4133     3.287    -16.83
    +-             0.0022    0.0024    0.0037    0.0064     0.013     0.028      0.09       0.1      0.31        13

m12 30-45
  LO                35.54     35.54     35.54     35.54     35.54     35.54     35.54     35.54     35.54     35.54
    +-              0.005     0.005     0.005     0.005     0.005     0.005     0.005     0.005     0.005     0.005
  NNLOJET       35.545 +- 0.0003   pulls -0.3 -0.3 -0.3 -0.3 -0.3 -0.3 -0.3 -0.3 -0.3 -0.3
  NLO               7.183     7.131      7.01      6.92     6.882     6.832     6.817     6.803     6.812     6.767
    +-              0.017     0.021     0.024     0.028     0.031     0.035     0.039     0.041     0.047     0.054
  NNLOJET       6.7881 +- 0.0031   pulls +22.4 +16.2 +9.3 +4.6 +3.0 +1.3 +0.7 +0.4 +0.5 -0.4
  NNLO              4.014      4.14     4.425     6.248     8.192     10.15     12.26     14.57    -2.189      -651
    +-               0.14      0.16      0.19      0.26      0.32      0.38      0.47      0.58        12     5e+02
  NNLOJET       2.9449 +- 0.77   pulls +1.4 +1.5 +1.9 +4.0 +6.3 +8.3 +10.3 +12.0 -0.4 -1.3
  NNLO(no corr)     4.014     4.143     4.428     6.254     8.196     10.13     12.21     14.15     12.13     1.687
    +-               0.14      0.16      0.19      0.26      0.32      0.38      0.47      0.58      0.76       1.1
  rcorr        -0.0003514  -0.00272  -0.00294 -0.005801 -0.004112   0.01717    0.0545    0.4132    -14.31    -652.7
    +-             0.0015    0.0019    0.0032    0.0039     0.012      0.02     0.036     0.076        12     5e+02

m12 45-65
  LO                13.11     13.11     13.11     13.11     13.11     13.11     13.11     13.11     13.11     13.11
    +-             0.0026    0.0026    0.0026    0.0026    0.0026    0.0026    0.0026    0.0026    0.0026    0.0026
  NNLOJET       13.108 +- 0.00016   pulls +0.4 +0.4 +0.4 +0.4 +0.4 +0.4 +0.4 +0.4 +0.4 +0.4
  NLO                3.03     3.066      3.07     3.053     3.046     3.034     3.015     3.015      3.03     3.044
    +-             0.0095      0.01     0.012     0.013     0.014     0.015     0.018      0.02     0.025      0.03
  NNLOJET       3.0169 +- 0.0017   pulls +1.3 +4.7 +4.5 +2.8 +2.0 +1.1 -0.1 -0.1 +0.5 +0.9
  NNLO             0.8947     1.117     1.244     1.639     2.102     2.347     2.919     3.428    -64.51    -743.7
    +-              0.059     0.072     0.089      0.12      0.15      0.17      0.22      0.26   2.3e+02   4.9e+03
  NNLOJET       -0.18548 +- 0.38   pulls +2.8 +3.4 +3.7 +4.6 +5.7 +6.1 +7.1 +7.9 -0.3 -0.2
  NNLO(no corr)    0.8935     1.114     1.243     1.637     2.096     2.362     2.851     3.081     1.463    -3.202
    +-              0.059     0.072     0.089      0.12      0.15      0.17      0.22      0.25      0.35      0.48
  rcorr           0.00123  0.002609  0.001474  0.001777  0.005997  -0.01527   0.06806    0.3466    -65.98    -740.5
    +-            0.00075    0.0011    0.0012    0.0023    0.0041    0.0092      0.02     0.061   2.3e+02   4.9e+03

m12 65-120
  LO                3.816     3.816     3.816     3.816     3.816     3.816     3.816     3.816     3.816     3.816
    +-              0.001     0.001     0.001     0.001     0.001     0.001     0.001     0.001     0.001     0.001
  NNLOJET       3.8168 +- 6.3e-05   pulls -0.5 -0.5 -0.5 -0.5 -0.5 -0.5 -0.5 -0.5 -0.5 -0.5
  NLO              0.2747    0.2854     0.282    0.2751    0.2716    0.2662    0.2605    0.2609    0.2616    0.2533
    +-             0.0038    0.0045    0.0049    0.0062    0.0065     0.007    0.0077    0.0084    0.0097     0.012
  NNLOJET       0.26951 +- 0.0006   pulls +1.3 +3.5 +2.5 +0.9 +0.3 -0.5 -1.2 -1.0 -0.8 -1.4
  NNLO             0.1772    0.2027    0.3178    0.4482    0.5131    0.6932    0.7844    -130.6-3.227e+04 -1.02e+05
    +-              0.018     0.023     0.029     0.041     0.048      0.06     0.095        61   2.2e+04   1.1e+05
  NNLOJET       -0.0015498 +- 0.043   pulls +3.8 +4.2 +6.2 +7.6 +7.9 +9.4 +7.5 -2.1 -1.4 -0.9
  NNLO(no corr)    0.1771    0.2026    0.3179    0.4476    0.5087    0.6879    0.8161    0.8803   -0.1934    -1.545
    +-              0.018     0.023     0.029     0.041     0.048      0.06     0.079     0.095      0.13      0.18
  rcorr         7.137e-05 0.0001707-0.0001538  0.000525  0.004408  0.005262  -0.03166    -131.5-3.227e+04 -1.02e+05
    +-            8.3e-05   0.00015   0.00018   0.00043    0.0013    0.0024     0.052        61   2.2e+04   1.1e+05
