b0         8 seeds; max |mean - trimmed|/err = 0.73
b1       200 seeds; max |mean - trimmed|/err = 0.11
lo       200 seeds; max |mean - trimmed|/err = 0.16
b2       100 seeds; max |mean - trimmed|/err = 0.17
vi       250 seeds; max |mean - trimmed|/err = 0.99
kp       200 seeds; max |mean - trimmed|/err = 0.48
r       3500 seeds; max |mean - trimmed|/err = 2.40
rcorr    399 seeds; max |mean - trimmed|/err = 1.50
tau_cut             2e-02     1e-02     5e-03     2e-03     1e-03     5e-04     2e-04     1e-04     3e-05     1e-05

total 0-0
  LO                103.3     103.3     103.3     103.3     103.3     103.3     103.3     103.3     103.3     103.3
    +-             0.0046    0.0046    0.0046    0.0046    0.0046    0.0046    0.0046    0.0046    0.0046    0.0046
  NNLOJET       103.28 +- 0.00053   pulls -0.4 -0.4 -0.4 -0.4 -0.4 -0.4 -0.4 -0.4 -0.4 -0.4
  NLO               12.31     11.78     11.33     10.95     10.79     10.65     10.56     10.48     10.45     10.48
    +-              0.031     0.036     0.043     0.054     0.061     0.068     0.077     0.082      0.09       0.1
  NNLOJET       10.58 +- 0.0048   pulls +55.6 +32.8 +17.2 +6.9 +3.4 +1.0 -0.3 -1.3 -1.4 -0.9
  NNLO              11.77     12.04     12.47     14.46     35.05     43.14 1.048e+04 4.063e+05-2.221e+161-2.397e+161
    +-                1.3       1.2       1.3       1.1        18        19     1e+04   4.1e+05       inf       inf
  NNLOJET       11.12 +- 1.2   pulls +0.4 +0.6 +0.8 +2.0 +1.3 +1.7 +1.0 +1.0 -0.0 -0.0
  NNLO(no corr)     11.77     12.04     12.46     14.49     35.07     42.23     113.2-2.719e+04-6.646e+157-2.556e+159
    +-                1.3       1.2       1.3       1.1        18        19   2.8e+02   2.3e+04       inf       inf
  rcorr        -0.0009732  0.002321  0.006643  -0.02727  -0.02005    0.9172 1.037e+04 4.335e+05-2.22e+161-2.371e+161
    +-              0.014     0.016     0.018     0.025      0.15       1.1     1e+04   4.1e+05       inf       inf

q2 125-250
  LO                43.18     43.18     43.18     43.18     43.18     43.18     43.18     43.18     43.18     43.18
    +-             0.0061    0.0061    0.0061    0.0061    0.0061    0.0061    0.0061    0.0061    0.0061    0.0061
  NNLOJET       43.189 +- 0.00034   pulls -1.5 -1.5 -1.5 -1.5 -1.5 -1.5 -1.5 -1.5 -1.5 -1.5
  NLO               7.814     7.814     7.739     7.659     7.616     7.586     7.546     7.538     7.541     7.519
    +-              0.022     0.027     0.033     0.043     0.048     0.051     0.056     0.062      0.07      0.08
  NNLOJET       7.5242 +- 0.0033   pulls +13.1 +10.6 +6.5 +3.1 +1.9 +1.2 +0.4 +0.2 +0.2 -0.1
  NNLO              7.733     7.812     8.289     9.022     10.68     15.98 1.044e+04 4.067e+05-2.221e+161-2.397e+161
    +-                1.2       1.1       1.1      0.89      0.97       3.1     1e+04   4.1e+05       inf       inf
  NNLOJET       6.9167 +- 1   pulls +0.5 +0.6 +0.9 +1.6 +2.7 +2.8 +1.0 +1.0 -0.0 -0.0
  NNLO(no corr)     7.744     7.819     8.296     9.062     10.66     15.03     115.4-2.719e+04-6.646e+157-2.556e+159
    +-                1.2       1.1       1.1      0.88      0.97       2.9   2.8e+02   2.3e+04       inf       inf
  rcorr          -0.01134 -0.006349 -0.006918  -0.03949   0.02061    0.9497 1.033e+04 4.339e+05-2.22e+161-2.371e+161
    +-              0.009    0.0084      0.01     0.019     0.037       1.1     1e+04   4.1e+05       inf       inf

q2 250-500
  LO                29.07     29.07     29.07     29.07     29.07     29.07     29.07     29.07     29.07     29.07
    +-              0.004     0.004     0.004     0.004     0.004     0.004     0.004     0.004     0.004     0.004
  NNLOJET       29.068 +- 0.00026   pulls +0.3 +0.3 +0.3 +0.3 +0.3 +0.3 +0.3 +0.3 +0.3 +0.3
  NLO               2.749     2.594     2.478     2.393     2.354     2.325     2.305     2.273     2.253     2.281
    +-              0.016      0.02     0.022     0.027      0.03     0.034     0.037     0.041     0.047     0.055
  NNLOJET       2.3067 +- 0.0023   pulls +27.6 +14.4 +7.8 +3.2 +1.5 +0.5 -0.0 -0.8 -1.1 -0.5
  NNLO              2.805     2.864     3.048     4.126     23.61     24.74     30.45    -397.5-5.387e+98-1.237e+155
    +-               0.21      0.31      0.34       0.4        18        18        40   3.7e+02   5.4e+98       inf
  NNLOJET       3.0541 +- 0.57   pulls -0.4 -0.3 -0.0 +1.5 +1.1 +1.2 +0.7 -1.1 -1.0 -0.0
  NNLO(no corr)     2.795     2.856     3.036     4.121     23.69     24.76    -7.573    -5.809-5.387e+98-1.237e+155
    +-               0.21      0.31      0.34       0.4        18        18        15        15   5.4e+98       inf
  rcorr          0.009809   0.00764   0.01276  0.005219  -0.08205  -0.02204     38.03    -391.6-4.564e+79-1.982e+143
    +-             0.0064    0.0062    0.0071    0.0085      0.13     0.029        37   3.7e+02   4.6e+79    2e+143

q2 500-1000
  LO                17.04     17.04     17.04     17.04     17.04     17.04     17.04     17.04     17.04     17.04
    +-             0.0028    0.0028    0.0028    0.0028    0.0028    0.0028    0.0028    0.0028    0.0028    0.0028
  NNLOJET       17.042 +- 0.00022   pulls +0.2 +0.2 +0.2 +0.2 +0.2 +0.2 +0.2 +0.2 +0.2 +0.2
  NLO              0.8427     0.702    0.5948    0.4909    0.4534    0.4087    0.4081    0.3912    0.3902    0.3998
    +-               0.01     0.013     0.016      0.02     0.022     0.024     0.028     0.032     0.036     0.043
  NNLOJET       0.43746 +- 0.0016   pulls +39.7 +21.0 +10.0 +2.7 +0.7 -1.2 -1.0 -1.4 -1.3 -0.9
  NNLO             0.9836      1.11    0.6159    0.8537    0.6818     1.626     4.012     4.708      1239-7.895e+94
    +-               0.16      0.22      0.43      0.46      0.95       1.1       1.3       1.9   1.7e+03   7.9e+94
  NNLOJET       0.85812 +- 0.32   pulls +0.3 +0.6 -0.5 -0.0 -0.2 +0.7 +2.3 +2.0 +0.8 -1.0
  NNLO(no corr)    0.9852     1.111    0.6171    0.8489    0.6413     1.622     3.873     4.309       116 -1.81e+83
    +-               0.16      0.22      0.43      0.46      0.95       1.1       1.3       1.9   1.1e+02   1.8e+83
  rcorr          -0.00162 -0.001485 -0.001208  0.004743   0.04052  0.004117    0.1396     0.399      1123-7.895e+94
    +-             0.0012    0.0013    0.0013    0.0054     0.042     0.012     0.098      0.22   1.6e+03   7.9e+94

q2 1000-2000
  LO                8.522     8.522     8.522     8.522     8.522     8.522     8.522     8.522     8.522     8.522
    +-             0.0022    0.0022    0.0022    0.0022    0.0022    0.0022    0.0022    0.0022    0.0022    0.0022
  NNLOJET       8.5191 +- 0.00018   pulls +1.2 +1.2 +1.2 +1.2 +1.2 +1.2 +1.2 +1.2 +1.2 +1.2
  NLO              0.3927    0.2778    0.1986    0.1445    0.1144   0.08078   0.06599   0.05545   0.06505   0.08017
    +-             0.0058    0.0076      0.01     0.013     0.015     0.018      0.02     0.022     0.025      0.03
  NNLOJET       0.097476 +- 0.0013   pulls +49.6 +23.3 +9.7 +3.6 +1.1 -0.9 -1.6 -1.9 -1.3 -0.6
  NNLO             0.2174    0.2229    0.3233    0.3171    0.1305    0.5914    0.9128     2.146     16.01  3.19e+86
    +-               0.06     0.069      0.23      0.17      0.32      0.35       0.4       0.5        10   3.2e+86
  NNLOJET       0.31993 +- 0.14   pulls -0.7 -0.6 +0.0 -0.0 -0.5 +0.7 +1.4 +3.5 +1.5 +1.0
  NNLO(no corr)    0.2153    0.2204    0.3212    0.3148    0.1295    0.6055    0.9921      2.14     2.616   -0.4035
    +-              0.059     0.068      0.22      0.17      0.32      0.35      0.39      0.49      0.64       2.7
  rcorr          0.002171  0.002528  0.002028  0.002303 0.0009679  -0.01414  -0.07936  0.005765     13.39  3.19e+86
    +-              0.012     0.012     0.012     0.012     0.013     0.017     0.078     0.025        10   3.2e+86

q2 2000-5000
  LO                4.322     4.322     4.322     4.322     4.322     4.322     4.322     4.322     4.322     4.322
    +-             0.0018    0.0018    0.0018    0.0018    0.0018    0.0018    0.0018    0.0018    0.0018    0.0018
  NNLOJET       4.3201 +- 0.00016   pulls +0.9 +0.9 +0.9 +0.9 +0.9 +0.9 +0.9 +0.9 +0.9 +0.9
  NLO              0.3257     0.245    0.1885    0.1547    0.1436     0.141    0.1311    0.1182    0.1076    0.1145
    +-             0.0043    0.0051    0.0067    0.0092      0.01     0.012     0.013     0.015     0.018     0.022
  NNLOJET       0.11692 +- 0.0011   pulls +47.4 +24.5 +10.5 +4.1 +2.6 +2.0 +1.1 +0.1 -0.5 -0.1
  NNLO            0.01578   0.02906    0.0717     0.189    0.1221    0.3341    0.5577    0.9554   -0.2632    0.9752
    +-              0.033     0.035     0.079     0.076      0.11      0.15      0.22      0.26       1.5       1.9
  NNLOJET       0.004896 +- 0.11   pulls +0.1 +0.2 +0.5 +1.3 +0.8 +1.7 +2.2 +3.4 -0.2 +0.5
  NNLO(no corr)   0.01578   0.02908   0.07172     0.189    0.1222    0.3346    0.5576     0.915   -0.3307   -0.3024
    +-              0.033     0.035     0.079     0.076      0.11      0.15      0.22      0.25       1.5       1.6
  rcorr        -3.098e-06-2.034e-05-2.201e-05-4.454e-05-5.597e-05-0.0005104 2.724e-05    0.0404   0.06749     1.278
    +-            1.5e-05   3.2e-05   4.3e-05   0.00011   0.00028   0.00048    0.0025     0.032     0.029       1.1

q2 5000-20000
  LO                1.144     1.144     1.144     1.144     1.144     1.144     1.144     1.144     1.144     1.144
    +-              0.001     0.001     0.001     0.001     0.001     0.001     0.001     0.001     0.001     0.001
  NNLOJET       1.1428 +- 0.00013   pulls +1.0 +1.0 +1.0 +1.0 +1.0 +1.0 +1.0 +1.0 +1.0 +1.0
  NLO              0.1875    0.1517    0.1306    0.1125    0.1085    0.1033    0.1022   0.09991   0.09405   0.08925
    +-             0.0023    0.0025    0.0033    0.0046     0.005    0.0057    0.0072    0.0086      0.01     0.012
  NNLOJET       0.097001 +- 0.0008   pulls +37.7 +20.9 +10.0 +3.3 +2.3 +1.1 +0.7 +0.3 -0.3 -0.7
  NNLO            0.01614 0.0006049    0.1171  -0.04361     -0.18   -0.1276  -0.07927   0.01024    0.1492   0.01262
    +-             0.0091     0.012      0.13     0.046      0.15      0.15      0.15      0.16      0.17       0.2
  NNLOJET       -0.033775 +- 0.038   pulls +1.3 +0.9 +1.1 -0.2 -1.0 -0.6 -0.3 +0.3 +1.0 +0.2
  NNLO(no corr)   0.01613 0.0005967    0.1171   -0.0436   -0.1799   -0.1277  -0.07887   0.00961    0.1415 -0.009251
    +-             0.0091     0.012      0.13     0.046      0.15      0.15      0.15      0.16      0.17       0.2
  rcorr         5.621e-06 8.284e-06 3.447e-07-3.973e-06-4.176e-05  8.85e-05-0.0004038  0.000633  0.007655   0.02188
    +-            4.8e-06   8.2e-06   1.2e-05   1.5e-05   4.9e-05   0.00016   0.00059     0.001    0.0025     0.006

ptavg 8-15
  LO                73.95     73.95     73.95     73.95     73.95     73.95     73.95     73.95     73.95     73.95
    +-             0.0052    0.0052    0.0052    0.0052    0.0052    0.0052    0.0052    0.0052    0.0052    0.0052
  NNLOJET       73.954 +- 0.00052   pulls -1.5 -1.5 -1.5 -1.5 -1.5 -1.5 -1.5 -1.5 -1.5 -1.5
  NLO               6.164      5.71     5.335     5.029     4.889      4.77     4.713     4.632     4.578     4.619
    +-              0.029     0.035     0.041     0.052     0.059     0.066     0.075     0.081     0.091       0.1
  NNLOJET       4.7453 +- 0.005   pulls +47.8 +27.4 +14.3 +5.5 +2.4 +0.4 -0.4 -1.4 -1.8 -1.2
  NNLO              9.058     9.204     9.241     9.845     29.25     33.78     7.585     11.22     15.27-1.758e+160
    +-                1.3       1.1       1.2      0.98        18        18        15        16        16       inf
  NNLOJET       9.5546 +- 1.1   pulls -0.3 -0.2 -0.2 +0.2 +1.1 +1.3 -0.1 +0.1 +0.3 -0.0
  NNLO(no corr)     9.065     9.207     9.236      9.87     29.34     32.86     6.676     10.44     10.44-2.489e+159
    +-                1.3       1.1       1.2      0.98        18        18        15        16        16       inf
  rcorr         -0.007291 -0.003365  0.004467  -0.02574  -0.08755     0.918    0.9087    0.7765     4.823-1.509e+160
    +-              0.014     0.016     0.017     0.024      0.14       1.1      0.62      0.35      0.85       inf

ptavg 15-22
  LO                20.51     20.51     20.51     20.51     20.51     20.51     20.51     20.51     20.51     20.51
    +-             0.0026    0.0026    0.0026    0.0026    0.0026    0.0026    0.0026    0.0026    0.0026    0.0026
  NNLOJET       20.502 +- 0.00017   pulls +2.1 +2.1 +2.1 +2.1 +2.1 +2.1 +2.1 +2.1 +2.1 +2.1
  NLO               5.293     5.238     5.186     5.139     5.118     5.104     5.091      5.09     5.115     5.125
    +-              0.011     0.013     0.013     0.016     0.018     0.019     0.021     0.024     0.027     0.033
  NNLOJET       5.0696 +- 0.0015   pulls +20.9 +13.0 +8.7 +4.4 +2.7 +1.8 +1.0 +0.9 +1.7 +1.7
  NNLO             0.5016    0.5315    0.6284     1.593     2.377     3.109     3.058     5.241 -1.48e+04-1.593e+141
    +-               0.11      0.21      0.43      0.47      0.51      0.56       1.3       1.5   1.4e+04  1.6e+141
  NNLOJET       0.011899 +- 0.23   pulls +1.9 +1.7 +1.3 +3.0 +4.2 +5.1 +2.3 +3.6 -1.1 -1.0
  NNLO(no corr)    0.4946    0.5272    0.6246     1.593     2.331     3.101     3.009     4.784     1.785    -5.267
    +-               0.11      0.21      0.43      0.47      0.51      0.56       1.3       1.4       2.3       3.5
  rcorr          0.006983  0.004286  0.003813-4.351e-06   0.04624  0.007898   0.04969    0.4577-1.481e+04-1.593e+141
    +-             0.0047    0.0046     0.007    0.0073     0.043     0.016     0.041     0.078   1.4e+04  1.6e+141

ptavg 22-30
  LO                6.119     6.119     6.119     6.119     6.119     6.119     6.119     6.119     6.119     6.119
    +-             0.0015    0.0015    0.0015    0.0015    0.0015    0.0015    0.0015    0.0015    0.0015    0.0015
  NNLOJET       6.1183 +- 7.6e-05   pulls +0.2 +0.2 +0.2 +0.2 +0.2 +0.2 +0.2 +0.2 +0.2 +0.2
  NLO              0.9841    0.9736    0.9545    0.9363    0.9375    0.9288    0.9136    0.9132    0.9199    0.9092
    +-             0.0048    0.0054    0.0063    0.0077    0.0083    0.0097     0.011     0.012     0.014     0.016
  NNLOJET       0.92342 +- 0.00064   pulls +12.5 +9.3 +4.9 +1.7 +1.7 +0.6 -0.9 -0.9 -0.3 -0.9
  NNLO           -0.09168  -0.06218   0.09302    0.3715     0.507    0.8198     1.349     1.859-6.646e+157-6.878e+157
    +-              0.063      0.08     0.078      0.11      0.13      0.21      0.25      0.43       inf       inf
  NNLOJET       -0.55296 +- 0.35   pulls +1.3 +1.4 +1.8 +2.5 +2.9 +3.4 +4.4 +4.4 -0.0 -0.0
  NNLO(no corr)  -0.09045  -0.06233   0.09497    0.3744    0.4937    0.8444     1.318     1.563-6.646e+157-6.658e+157
    +-              0.063      0.08     0.078      0.11      0.13      0.21      0.25      0.31       inf       inf
  rcorr         -0.001227 0.0001561 -0.001953 -0.002887   0.01334  -0.02454   0.03109    0.2961 6.045e+05-2.199e+156
    +-            0.00074    0.0014   0.00094    0.0015     0.013     0.011     0.023       0.3   6.1e+05       inf

ptavg 30-60
  LO                2.657     2.657     2.657     2.657     2.657     2.657     2.657     2.657     2.657     2.657
    +-            0.00055   0.00055   0.00055   0.00055   0.00055   0.00055   0.00055   0.00055   0.00055   0.00055
  NNLOJET       2.6571 +- 3.7e-05   pulls +0.4 +0.4 +0.4 +0.4 +0.4 +0.4 +0.4 +0.4 +0.4 +0.4
  NLO             -0.1011   -0.1086   -0.1173   -0.1214   -0.1261    -0.129   -0.1302   -0.1314   -0.1321   -0.1397
    +-             0.0023    0.0028    0.0032    0.0039    0.0042    0.0046    0.0054    0.0061    0.0073    0.0089
  NNLOJET       -0.13036 +- 0.00026   pulls +12.5 +7.8 +4.1 +2.3 +1.0 +0.3 +0.0 -0.2 -0.2 -1.1
  NNLO           -0.03505   0.02485    0.1599    0.3046    0.5501    0.5128    -113.1-2.834e+04-2.22e+161-2.22e+161
    +-              0.018     0.023     0.049      0.05      0.16     0.094        98   2.3e+04       inf       inf
  NNLOJET       -0.17588 +- 0.044   pulls +2.9 +4.0 +5.1 +7.2 +4.3 +6.6 -1.1 -1.2 -0.0 -0.0
  NNLO(no corr)  -0.03554   0.02368    0.1597    0.3034    0.5428    0.4978    -87.15-2.737e+04-5.387e+98-3.89e+155
    +-              0.018     0.023     0.049      0.05      0.16     0.094        96   2.3e+04   5.4e+98       inf
  rcorr         0.0004903   0.00117 0.0002361  0.001255  0.007326   0.01499    -25.98    -964.5-2.22e+161-2.22e+161
    +-            0.00045   0.00063   0.00062   0.00077    0.0027    0.0094        22   8.2e+02       inf       inf

m12 20-30
  LO                50.71     50.71     50.71     50.71     50.71     50.71     50.71     50.71     50.71     50.71
    +-             0.0063    0.0063    0.0063    0.0063    0.0063    0.0063    0.0063    0.0063    0.0063    0.0063
  NNLOJET       50.711 +- 0.00045   pulls -0.1 -0.1 -0.1 -0.1 -0.1 -0.1 -0.1 -0.1 -0.1 -0.1
  NLO               1.859     1.335         1    0.7374    0.6218    0.5453    0.4986    0.4264     0.381    0.4544
    +-              0.025      0.03     0.036     0.045      0.05     0.058     0.066     0.069     0.077     0.089
  NNLOJET       0.54101 +- 0.0046   pulls +51.3 +25.9 +12.6 +4.3 +1.6 +0.1 -0.6 -1.6 -2.1 -1.0
  NNLO              6.877     7.349      7.28     7.419     26.44     30.51     2.684     3.895     5.243-1.758e+160
    +-                1.2       1.1       1.1      0.84        18        18        15        16        16       inf
  NNLOJET       8.3483 +- 0.89   pulls -1.0 -0.7 -0.8 -0.8 +1.0 +1.2 -0.4 -0.3 -0.2 -0.0
  NNLO(no corr)     6.881     7.349     7.276     7.433     26.54     29.45      1.83     3.432     2.065-2.489e+159
    +-                1.2       1.1       1.1      0.84        18        18        15        16        16       inf
  rcorr         -0.004127-0.0002882  0.004705  -0.01464  -0.09791     1.058    0.8536    0.4635     3.177-1.509e+160
    +-              0.013     0.015     0.016     0.019      0.14       1.1       0.6      0.18      0.75       inf

m12 30-45
  LO                35.54     35.54     35.54     35.54     35.54     35.54     35.54     35.54     35.54     35.54
    +-             0.0049    0.0049    0.0049    0.0049    0.0049    0.0049    0.0049    0.0049    0.0049    0.0049
  NNLOJET       35.545 +- 0.0003   pulls -0.2 -0.2 -0.2 -0.2 -0.2 -0.2 -0.2 -0.2 -0.2 -0.2
  NLO               7.183     7.133     7.012     6.923     6.886     6.836      6.82     6.808     6.814     6.768
    +-              0.018     0.022     0.025      0.03     0.033     0.037     0.041     0.044     0.049     0.057
  NNLOJET       6.7881 +- 0.0031   pulls +21.2 +15.6 +9.0 +4.5 +2.9 +1.3 +0.8 +0.5 +0.5 -0.4
  NNLO              3.946     3.646     4.005     5.321     6.166      7.29     8.518     12.82-1.444e+04-1.405e+144
    +-               0.34      0.39      0.66      0.69      0.78      0.87       1.6       1.9   1.4e+04  1.4e+144
  NNLOJET       2.9449 +- 0.77   pulls +1.2 +0.8 +1.0 +2.3 +2.9 +3.7 +3.2 +4.8 -1.0 -1.0
  NNLO(no corr)     3.955      3.66     4.017     5.337     6.114     7.414     8.446     12.22     11.98     2.221
    +-               0.34      0.39      0.66      0.69      0.78      0.86       1.6       1.9       2.6       4.6
  rcorr          -0.00995  -0.01424  -0.01222  -0.01598    0.0525   -0.1239   0.07155    0.5997-1.445e+04-1.405e+144
    +-              0.011     0.011     0.012     0.013     0.049      0.13     0.054      0.29   1.4e+04  1.4e+144

m12 45-65
  LO                13.11     13.11     13.11     13.11     13.11     13.11     13.11     13.11     13.11     13.11
    +-             0.0026    0.0026    0.0026    0.0026    0.0026    0.0026    0.0026    0.0026    0.0026    0.0026
  NNLOJET       13.108 +- 0.00016   pulls +0.1 +0.1 +0.1 +0.1 +0.1 +0.1 +0.1 +0.1 +0.1 +0.1
  NLO               3.029     3.066     3.071     3.055     3.047     3.035     3.016     3.016     3.031     3.045
    +-               0.01     0.011     0.012     0.014     0.015     0.016     0.019     0.021     0.026     0.032
  NNLOJET       3.0169 +- 0.0017   pulls +1.2 +4.5 +4.3 +2.7 +2.0 +1.1 -0.1 -0.0 +0.5 +0.9
  NNLO             0.7672    0.8148    0.8109     1.202     1.646     1.963     2.713-2.301e+04 5.892e+05-1.238e+155
    +-                0.2      0.23      0.25      0.29      0.33      0.51      0.67   2.3e+04   6.1e+05       inf
  NNLOJET       -0.18548 +- 0.38   pulls +2.2 +2.3 +2.2 +2.9 +3.7 +3.4 +3.8 -1.0 +1.0 -0.0
  NNLO(no corr)    0.7543    0.7987    0.7966     1.199     1.628     1.991     2.642-2.301e+04-2.302e+04-1.237e+155
    +-                0.2      0.23      0.25      0.29      0.33      0.51      0.67   2.3e+04   2.3e+04       inf
  rcorr            0.0129   0.01613   0.01429  0.002775   0.01775  -0.02822   0.07125    0.4733 6.122e+05-5.164e+151
    +-               0.01     0.011     0.011     0.016     0.021     0.021     0.036      0.31   6.1e+05       inf

m12 65-120
  LO                3.816     3.816     3.816     3.816     3.816     3.816     3.816     3.816     3.816     3.816
    +-             0.0011    0.0011    0.0011    0.0011    0.0011    0.0011    0.0011    0.0011    0.0011    0.0011
  NNLOJET       3.8168 +- 6.3e-05   pulls -0.3 -0.3 -0.3 -0.3 -0.3 -0.3 -0.3 -0.3 -0.3 -0.3
  NLO              0.2747    0.2855    0.2821    0.2754    0.2713    0.2658    0.2603    0.2608    0.2617    0.2523
    +-              0.004    0.0047    0.0051    0.0066    0.0069    0.0074    0.0082     0.009      0.01     0.013
  NNLOJET       0.26951 +- 0.0006   pulls +1.3 +3.4 +2.4 +0.9 +0.3 -0.5 -1.1 -1.0 -0.8 -1.4
  NNLO             0.1676    0.2108    0.3454    0.4883    0.7516    0.7726    -109.7     -5285-2.221e+161-2.221e+161
    +-              0.034     0.037     0.061     0.066      0.17      0.11        98   4.2e+03       inf       inf
  NNLOJET       -0.0015498 +- 0.043   pulls +3.1 +3.7 +4.6 +6.2 +4.3 +6.3 -1.1 -1.2 -0.0 -0.0
  NNLO(no corr)    0.1674    0.2101    0.3455    0.4878    0.7445    0.7627    -86.76     -4355-6.646e+157-6.685e+157
    +-              0.034     0.037     0.061     0.066      0.17      0.11        96   4.2e+03       inf       inf
  rcorr         0.0002335 0.0007607-9.866e-05 0.0005692  0.007096  0.009833    -22.99    -929.9-2.22e+161-2.22e+161
    +-            0.00065   0.00078   0.00069   0.00094    0.0027    0.0097        21   8.2e+02       inf       inf
