b0         8 seeds; max |mean - trimmed|/err = 0.73
b1       200 seeds; max |mean - trimmed|/err = 0.11
lo       200 seeds; max |mean - trimmed|/err = 0.16
b2       100 seeds; max |mean - trimmed|/err = 0.17
vi       250 seeds; max |mean - trimmed|/err = 0.99
kp       200 seeds; max |mean - trimmed|/err = 0.48
r       3500 seeds; max |mean - trimmed|/err = 2.40
rcorr    399 seeds; max |mean - trimmed|/err = 1.50
tau_cut             2e-02     1e-02     5e-03     2e-03     1e-03     5e-04     2e-04     1e-04     3e-05     1e-05

total 0-0
  LO                103.3     103.3     103.3     103.3     103.3     103.3     103.3     103.3     103.3     103.3
    +-             0.0044    0.0044    0.0044    0.0044    0.0044    0.0044    0.0044    0.0044    0.0044    0.0044
  NNLOJET       103.28 +- 0.00053   pulls -0.3 -0.3 -0.3 -0.3 -0.3 -0.3 -0.3 -0.3 -0.3 -0.3
  NLO               12.31     11.79     11.34     10.96     10.79     10.64     10.55     10.48     10.45     10.48
    +-              0.029     0.034      0.04     0.051     0.058     0.065     0.073     0.078     0.085       0.1
  NNLOJET       10.58 +- 0.0048   pulls +59.1 +34.6 +18.6 +7.3 +3.6 +1.0 -0.3 -1.3 -1.5 -1.0
  NNLO              10.87     11.21     12.05     14.88     17.35      20.2     15.32     817.5-1.051e+05-1.451e+143
    +-               0.28      0.35      0.44      0.65      0.84       1.1         5     1e+03   1.1e+05  1.5e+143
  NNLOJET       11.12 +- 1.2   pulls -0.2 +0.1 +0.7 +2.8 +4.3 +5.6 +0.8 +0.8 -0.9 -1.0
  NNLO(no corr)     10.87     11.21     12.04      14.9      17.3      20.2      22.6     25.39     10.13    -26.55
    +-               0.28      0.35      0.44      0.65      0.84       1.1       1.4       1.8       2.3       5.2
  rcorr           0.00168 0.0003203  0.004465  -0.01842   0.04365  0.002499    -7.277     792.1-1.051e+05-1.451e+143
    +-             0.0033    0.0039    0.0064     0.012      0.03      0.05       4.8     1e+03   1.1e+05  1.5e+143

q2 125-250
  LO                43.18     43.18     43.18     43.18     43.18     43.18     43.18     43.18     43.18     43.18
    +-             0.0058    0.0058    0.0058    0.0058    0.0058    0.0058    0.0058    0.0058    0.0058    0.0058
  NNLOJET       43.189 +- 0.00034   pulls -1.3 -1.3 -1.3 -1.3 -1.3 -1.3 -1.3 -1.3 -1.3 -1.3
  NLO               7.814     7.814     7.738     7.653     7.613     7.582     7.546     7.539     7.542     7.516
    +-              0.021     0.025     0.031      0.04     0.046     0.049     0.053     0.059     0.067     0.075
  NNLOJET       7.5242 +- 0.0033   pulls +13.8 +11.3 +6.8 +3.2 +2.0 +1.2 +0.4 +0.3 +0.3 -0.1
  NNLO              6.613     6.856     7.837     9.401        11     12.03     4.483      1166 -1.42e+05-1.369e+95
    +-                0.2      0.26      0.32      0.46      0.57      0.75       4.6   9.4e+02     1e+05   1.4e+95
  NNLOJET       6.9167 +- 1   pulls -0.3 -0.1 +0.9 +2.3 +3.6 +4.1 -0.5 +1.2 -1.4 -1.0
  NNLO(no corr)     6.615     6.856     7.838     9.421     11.01     11.99     13.87      14.3     5.442    -15.31
    +-                0.2      0.26      0.32      0.46      0.57      0.75      0.95       1.2       1.5       2.8
  rcorr         -0.001539 0.0001713 -0.001087   -0.0205 -0.002674   0.03572    -9.388      1152 -1.42e+05-1.369e+95
    +-             0.0022    0.0026    0.0039    0.0083     0.015     0.035       4.5   9.4e+02     1e+05   1.4e+95

q2 250-500
  LO                29.07     29.07     29.07     29.07     29.07     29.07     29.07     29.07     29.07     29.07
    +-              0.004     0.004     0.004     0.004     0.004     0.004     0.004     0.004     0.004     0.004
  NNLOJET       29.068 +- 0.00026   pulls +0.5 +0.5 +0.5 +0.5 +0.5 +0.5 +0.5 +0.5 +0.5 +0.5
  NLO               2.749     2.594     2.477     2.393     2.355     2.327     2.305     2.273     2.253     2.285
    +-              0.015     0.019     0.021     0.026     0.029     0.033     0.035     0.039     0.043     0.052
  NNLOJET       2.3067 +- 0.0023   pulls +29.1 +15.1 +8.2 +3.4 +1.7 +0.6 -0.1 -0.9 -1.2 -0.4
  NNLO              2.735     2.811     3.055     4.421     5.941     6.835     7.708     1.978    -780.6     -1234
    +-               0.13      0.17       0.2      0.27      0.36      0.45       0.6       4.8   4.1e+02   1.3e+03
  NNLOJET       3.0541 +- 0.57   pulls -0.5 -0.4 +0.0 +2.2 +4.3 +5.2 +5.6 -0.2 -1.9 -1.0
  NNLO(no corr)     2.734     2.811     3.052     4.419     5.922     6.837     7.597      9.08     7.832   -0.9421
    +-               0.13      0.17       0.2      0.27      0.36      0.45       0.6      0.72      0.99       1.4
  rcorr          0.001116  0.000261  0.003155  0.001338   0.01955 -0.002552    0.1106    -7.102    -788.5     -1233
    +-            0.00077   0.00086     0.002    0.0033    0.0087     0.011     0.065       4.8   4.1e+02   1.3e+03

q2 500-1000
  LO                17.04     17.04     17.04     17.04     17.04     17.04     17.04     17.04     17.04     17.04
    +-             0.0024    0.0024    0.0024    0.0024    0.0024    0.0024    0.0024    0.0024    0.0024    0.0024
  NNLOJET       17.042 +- 0.00022   pulls +0.3 +0.3 +0.3 +0.3 +0.3 +0.3 +0.3 +0.3 +0.3 +0.3
  NLO              0.8434    0.7029    0.5955    0.4929    0.4528    0.4084    0.4068     0.391    0.3893    0.3985
    +-             0.0096     0.012     0.015     0.019      0.02     0.023     0.027     0.031     0.035     0.041
  NNLOJET       0.43746 +- 0.0016   pulls +41.7 +22.4 +10.5 +3.0 +0.8 -1.3 -1.1 -1.5 -1.4 -0.9
  NNLO             0.8432    0.9359    0.9473     1.418     2.081       2.8     3.491     4.837     -7.02     8.043
    +-               0.07     0.094      0.11      0.17      0.22      0.28      0.37      0.46       6.1        19
  NNLOJET       0.85812 +- 0.32   pulls -0.0 +0.2 +0.3 +1.5 +3.1 +4.5 +5.3 +7.0 -1.3 +0.4
  NNLO(no corr)    0.8432    0.9358     0.947     1.418     2.082     2.802     3.472     4.666     4.651     2.852
    +-               0.07     0.094      0.11      0.17      0.22      0.28      0.37      0.46      0.64      0.86
  rcorr        -1.303e-05 7.094e-05 0.0002886 0.0005963-0.0008364 -0.002131   0.01837    0.1713    -11.67     5.191
    +-            0.00031   0.00039   0.00045   0.00069    0.0013    0.0036      0.01     0.047         6        19

q2 1000-2000
  LO                8.521     8.521     8.521     8.521     8.521     8.521     8.521     8.521     8.521     8.521
    +-             0.0015    0.0015    0.0015    0.0015    0.0015    0.0015    0.0015    0.0015    0.0015    0.0015
  NNLOJET       8.5191 +- 0.00018   pulls +1.5 +1.5 +1.5 +1.5 +1.5 +1.5 +1.5 +1.5 +1.5 +1.5
  NLO              0.3927    0.2776    0.1988    0.1443    0.1143    0.0813   0.06468   0.05438   0.06381    0.0789
    +-             0.0054    0.0073    0.0099     0.012     0.014     0.017     0.019     0.021     0.024     0.029
  NNLOJET       0.097476 +- 0.0013   pulls +53.3 +24.4 +10.2 +3.7 +1.2 -1.0 -1.7 -2.0 -1.4 -0.6
  NNLO             0.1464    0.1589   0.08825    0.4472    0.5327     1.183      1.54     2.379     3.042     7.373
    +-              0.034     0.046     0.057     0.081      0.12      0.15      0.21      0.26      0.37       2.3
  NNLOJET       0.31993 +- 0.14   pulls -1.2 -1.1 -1.5 +0.8 +1.2 +4.2 +4.8 +7.0 +6.9 +3.0
  NNLO(no corr)    0.1464    0.1589   0.08844    0.4471    0.5327     1.189     1.544     2.373     2.711      2.19
    +-              0.034     0.046     0.057     0.081      0.12      0.15      0.21      0.26      0.36      0.48
  rcorr         2.297e-05-3.794e-05-0.0001887 8.447e-05-1.098e-05 -0.006626 -0.003449  0.006131    0.3307     5.184
    +-              3e-05   7.5e-05   0.00012   0.00027   0.00061    0.0041    0.0049      0.01     0.087       2.3

q2 2000-5000
  LO                4.321     4.321     4.321     4.321     4.321     4.321     4.321     4.321     4.321     4.321
    +-            0.00079   0.00079   0.00079   0.00079   0.00079   0.00079   0.00079   0.00079   0.00079   0.00079
  NNLOJET       4.3201 +- 0.00016   pulls +0.6 +0.6 +0.6 +0.6 +0.6 +0.6 +0.6 +0.6 +0.6 +0.6
  NLO              0.3262    0.2449    0.1883    0.1548    0.1429    0.1415    0.1316    0.1185    0.1091    0.1158
    +-              0.004    0.0049    0.0063    0.0089    0.0099     0.011     0.013     0.014     0.017     0.021
  NNLOJET       0.11692 +- 0.0011   pulls +50.7 +25.6 +11.1 +4.2 +2.6 +2.2 +1.2 +0.1 -0.4 -0.1
  NNLO           0.004184  -0.02514   -0.0929   0.08537    0.2037    0.4218    0.7776     1.121     1.466     1.909
    +-              0.018     0.024     0.032     0.046     0.059     0.079      0.12      0.15      0.22       0.3
  NNLOJET       0.004896 +- 0.11   pulls -0.0 -0.3 -0.8 +0.7 +1.6 +3.0 +4.7 +5.9 +6.0 +6.0
  NNLO(no corr)   0.00418  -0.02513  -0.09287   0.08537    0.2037    0.4222    0.7781      1.12     1.432     1.566
    +-              0.018     0.024     0.032     0.046     0.059     0.079      0.12      0.15      0.22      0.28
  rcorr         4.302e-06-8.988e-06-2.633e-05-2.319e-06-4.091e-05-0.0003667-0.0004663 0.0008868   0.03376    0.3423
    +-              6e-06   1.3e-05   2.2e-05   5.8e-05   0.00011   0.00021   0.00073    0.0018    0.0083     0.093

q2 5000-20000
  LO                1.144     1.144     1.144     1.144     1.144     1.144     1.144     1.144     1.144     1.144
    +-            0.00093   0.00093   0.00093   0.00093   0.00093   0.00093   0.00093   0.00093   0.00093   0.00093
  NNLOJET       1.1428 +- 0.00013   pulls +1.0 +1.0 +1.0 +1.0 +1.0 +1.0 +1.0 +1.0 +1.0 +1.0
  NLO              0.1879    0.1519    0.1305    0.1122    0.1089     0.104    0.1025    0.1002   0.09353   0.08938
    +-             0.0021    0.0023    0.0031    0.0043    0.0047    0.0053    0.0068    0.0081    0.0094     0.011
  NNLOJET       0.097001 +- 0.0008   pulls +40.3 +22.2 +10.5 +3.5 +2.5 +1.3 +0.8 +0.4 -0.4 -0.7
  NNLO           0.009337    -0.014  -0.04568  -0.04788  -0.04555   0.03997    0.1394    0.2828    0.4514    0.3828
    +-             0.0056    0.0069    0.0086     0.013     0.018     0.023     0.035     0.045     0.069     0.097
  NNLOJET       -0.033775 +- 0.038   pulls +1.1 +0.5 -0.3 -0.3 -0.3 +1.6 +3.3 +5.3 +6.1 +4.0
  NNLO(no corr)  0.009336  -0.01401  -0.04569  -0.04788  -0.04553      0.04    0.1395    0.2827    0.4463     0.359
    +-             0.0056    0.0069    0.0086     0.013     0.018     0.023     0.035     0.045     0.069     0.097
  rcorr         1.291e-06 2.558e-06 2.874e-06-2.334e-06-1.817e-05-3.492e-05-0.0001071 9.962e-05  0.005118   0.02383
    +-              7e-07   1.2e-06   2.1e-06   6.2e-06   1.2e-05   2.3e-05   0.00015   0.00021    0.0014    0.0033

ptavg 8-15
  LO                73.95     73.95     73.95     73.95     73.95     73.95     73.95     73.95     73.95     73.95
    +-             0.0047    0.0047    0.0047    0.0047    0.0047    0.0047    0.0047    0.0047    0.0047    0.0047
  NNLOJET       73.954 +- 0.00052   pulls -1.5 -1.5 -1.5 -1.5 -1.5 -1.5 -1.5 -1.5 -1.5 -1.5
  NLO               6.161     5.712     5.341     5.027     4.885     4.764     4.706     4.627     4.569     4.609
    +-              0.028     0.033     0.039     0.049     0.055     0.063     0.071     0.076     0.086     0.096
  NNLOJET       4.7453 +- 0.005   pulls +50.2 +28.6 +15.3 +5.7 +2.5 +0.3 -0.5 -1.6 -2.0 -1.4
  NNLO              7.991     8.057      8.51     10.55     12.75        15     18.37     21.61     24.12     13.01
    +-               0.27      0.33      0.41      0.58      0.75      0.98       1.3       1.5       2.2       4.8
  NNLOJET       9.5546 +- 1.1   pulls -1.4 -1.3 -0.9 +0.8 +2.4 +3.7 +5.2 +6.4 +5.9 +0.7
  NNLO(no corr)     7.993     8.059     8.505     10.56     12.74     14.99     18.17     20.99     19.12   -0.5641
    +-               0.27      0.33      0.41      0.58      0.75      0.98       1.3       1.5       2.1         3
  rcorr         -0.002131 -0.002833  0.004561  -0.01612   0.01084  0.008204    0.1972     0.619     4.996     13.57
    +-             0.0038    0.0042     0.005      0.01     0.021     0.045     0.096      0.13      0.48       3.8

ptavg 15-22
  LO                20.51     20.51     20.51     20.51     20.51     20.51     20.51     20.51     20.51     20.51
    +-            0.00093   0.00093   0.00093   0.00093   0.00093   0.00093   0.00093   0.00093   0.00093   0.00093
  NNLOJET       20.502 +- 0.00017   pulls +7.8 +7.8 +7.8 +7.8 +7.8 +7.8 +7.8 +7.8 +7.8 +7.8
  NLO               5.293     5.237     5.185     5.139     5.117     5.104      5.09      5.09     5.115     5.124
    +-               0.01     0.012     0.013     0.015     0.017     0.018      0.02     0.023     0.026     0.032
  NNLOJET       5.0696 +- 0.0015   pulls +21.7 +13.8 +9.0 +4.7 +2.7 +1.9 +1.0 +0.9 +1.7 +1.7
  NNLO             0.5227    0.7372     1.066     1.868      2.48     2.956     3.432     4.584     -45.7      -849
    +-              0.073     0.091      0.12      0.18      0.23      0.27      0.37      0.44        22   4.2e+02
  NNLOJET       0.011899 +- 0.23   pulls +2.1 +2.9 +4.1 +6.4 +7.7 +8.3 +7.9 +9.2 -2.1 -2.0
  NNLO(no corr)    0.5218    0.7373     1.066      1.87     2.478     2.946     3.406     4.198      1.25     -6.35
    +-              0.073     0.091      0.12      0.18      0.23      0.27      0.37      0.44       0.6      0.83
  rcorr         0.0009115-9.999e-05-0.0004493 -0.002027  0.002052   0.01084    0.0263    0.3857    -46.95    -842.6
    +-              0.001    0.0011     0.002    0.0033    0.0066     0.011     0.022     0.049        22   4.2e+02

ptavg 22-30
  LO                6.118     6.118     6.118     6.118     6.118     6.118     6.118     6.118     6.118     6.118
    +-             0.0013    0.0013    0.0013    0.0013    0.0013    0.0013    0.0013    0.0013    0.0013    0.0013
  NNLOJET       6.1183 +- 7.6e-05   pulls +0.0 +0.0 +0.0 +0.0 +0.0 +0.0 +0.0 +0.0 +0.0 +0.0
  NLO               0.984     0.974    0.9548    0.9363    0.9373    0.9287    0.9137    0.9132    0.9194    0.9104
    +-             0.0046    0.0052     0.006    0.0073     0.008    0.0092     0.011     0.011     0.013     0.015
  NNLOJET       0.92342 +- 0.00064   pulls +13.1 +9.7 +5.2 +1.8 +1.7 +0.6 -0.9 -0.9 -0.3 -0.9
  NNLO           -0.04605    0.0245    0.1636    0.3778    0.4703    0.5967    0.7964     1.059    -101.6-1.226e+04
    +-              0.025     0.032     0.042     0.061      0.08     0.099      0.13      0.16   1.4e+02     7e+03
  NNLOJET       -0.55296 +- 0.35   pulls +1.5 +1.7 +2.1 +2.6 +2.9 +3.2 +3.6 +4.2 -0.7 -1.8
  NNLO(no corr)  -0.04586   0.02449    0.1643    0.3795    0.4698     0.608    0.7582    0.8252   -0.3542    -2.267
    +-              0.025     0.032     0.042     0.061      0.08     0.099      0.13      0.16      0.22      0.31
  rcorr        -0.0001919 6.994e-06 -0.000751 -0.001634 0.0004383  -0.01126   0.03818    0.2337    -101.3-1.226e+04
    +-            0.00017   0.00029   0.00041    0.0009    0.0021    0.0045     0.011     0.046   1.4e+02     7e+03

ptavg 30-60
  LO                2.657     2.657     2.657     2.657     2.657     2.657     2.657     2.657     2.657     2.657
    +-            0.00045   0.00045   0.00045   0.00045   0.00045   0.00045   0.00045   0.00045   0.00045   0.00045
  NNLOJET       2.6571 +- 3.7e-05   pulls +0.1 +0.1 +0.1 +0.1 +0.1 +0.1 +0.1 +0.1 +0.1 +0.1
  NLO             -0.1011   -0.1085    -0.117   -0.1213   -0.1262   -0.1292   -0.1302   -0.1316   -0.1322   -0.1398
    +-             0.0022    0.0026     0.003    0.0037     0.004    0.0043     0.005    0.0057    0.0069    0.0083
  NNLOJET       -0.13036 +- 0.00026   pulls +13.4 +8.3 +4.4 +2.4 +1.0 +0.3 +0.0 -0.2 -0.3 -1.1
  NNLO            -0.0447   0.02435    0.1371    0.2826    0.3703    0.4643    0.3541    -161.5-2.763e+04 4.684e+04
    +-              0.011     0.014     0.019     0.028     0.035     0.047      0.15        81   2.3e+04   7.2e+04
  NNLOJET       -0.17588 +- 0.044   pulls +2.9 +4.3 +6.5 +8.7 +9.6 +9.9 +3.3 -2.0 -1.2 +0.6
  NNLO(no corr)  -0.04471   0.02413     0.137    0.2817    0.3661     0.456    0.5272    0.5483   -0.3321     -1.43
    +-              0.011     0.014     0.019     0.028     0.035     0.047     0.061     0.077      0.11       0.2
  rcorr         1.317e-05 0.0002191 6.564e-05 0.0009422   0.00419  0.008318   -0.1732    -162.1-2.763e+04 4.684e+04
    +-            5.1e-05   0.00012   0.00013   0.00037   0.00094    0.0019      0.14        81   2.3e+04   7.2e+04

m12 20-30
  LO                50.71     50.71     50.71     50.71     50.71     50.71     50.71     50.71     50.71     50.71
    +-             0.0057    0.0057    0.0057    0.0057    0.0057    0.0057    0.0057    0.0057    0.0057    0.0057
  NNLOJET       50.711 +- 0.00045   pulls -0.0 -0.0 -0.0 -0.0 -0.0 -0.0 -0.0 -0.0 -0.0 -0.0
  NLO               1.859     1.335         1    0.7382    0.6245    0.5527    0.5064    0.4314    0.3812    0.4535
    +-              0.024     0.029     0.035     0.043     0.047     0.054     0.061     0.065     0.072     0.083
  NNLOJET       0.54101 +- 0.0046   pulls +53.8 +27.0 +13.1 +4.6 +1.8 +0.2 -0.6 -1.7 -2.2 -1.1
  NNLO              5.577     5.822     6.769      8.22     10.26     12.07     14.42     16.74     19.02    -12.53
    +-               0.24      0.29      0.37       0.5      0.63      0.82       1.1       1.3       1.8        13
  NNLOJET       8.3483 +- 0.89   pulls -3.0 -2.7 -1.6 -0.1 +1.8 +3.1 +4.4 +5.4 +5.2 -1.6
  NNLO(no corr)     5.578     5.824     6.766     8.228     10.25     12.07     14.29     16.33     15.73       4.3
    +-               0.24      0.29      0.37       0.5      0.63      0.82       1.1       1.3       1.8       2.5
  rcorr         -0.001241 -0.001079  0.002984 -0.008497  0.007637  0.001984    0.1347    0.4133     3.287    -16.83
    +-             0.0022    0.0024    0.0037    0.0064     0.013     0.028      0.09       0.1      0.31        13

m12 30-45
  LO                35.54     35.54     35.54     35.54     35.54     35.54     35.54     35.54     35.54     35.54
    +-              0.005     0.005     0.005     0.005     0.005     0.005     0.005     0.005     0.005     0.005
  NNLOJET       35.545 +- 0.0003   pulls -0.3 -0.3 -0.3 -0.3 -0.3 -0.3 -0.3 -0.3 -0.3 -0.3
  NLO               7.183     7.131      7.01      6.92     6.882     6.832     6.817     6.803     6.812     6.767
    +-              0.017     0.021     0.024     0.028     0.031     0.035     0.039     0.041     0.047     0.054
  NNLOJET       6.7881 +- 0.0031   pulls +22.4 +16.2 +9.3 +4.6 +3.0 +1.3 +0.7 +0.4 +0.5 -0.4
  NNLO              3.944     4.002     4.212     5.481     6.579     7.724     8.707     10.95    -6.744    -656.1
    +-               0.14      0.17      0.21       0.3      0.39      0.48      0.62      0.76        12     5e+02
  NNLOJET       2.9449 +- 0.77   pulls +1.3 +1.3 +1.6 +3.1 +4.2 +5.3 +5.8 +7.4 -0.8 -1.3
  NNLO(no corr)     3.944     4.005     4.215     5.486     6.583     7.707     8.652     10.53     7.571    -3.409
    +-               0.14      0.17      0.21       0.3      0.39      0.48      0.62      0.76         1       1.4
  rcorr        -0.0003514  -0.00272  -0.00294 -0.005801 -0.004112   0.01717    0.0545    0.4132    -14.31    -652.7
    +-             0.0015    0.0019    0.0032    0.0039     0.012      0.02     0.036     0.076        12     5e+02

m12 45-65
  LO                13.11     13.11     13.11     13.11     13.11     13.11     13.11     13.11     13.11     13.11
    +-             0.0026    0.0026    0.0026    0.0026    0.0026    0.0026    0.0026    0.0026    0.0026    0.0026
  NNLOJET       13.108 +- 0.00016   pulls +0.4 +0.4 +0.4 +0.4 +0.4 +0.4 +0.4 +0.4 +0.4 +0.4
  NLO                3.03     3.066      3.07     3.053     3.046     3.034     3.015     3.015      3.03     3.044
    +-             0.0095      0.01     0.012     0.013     0.014     0.015     0.018      0.02     0.025      0.03
  NNLOJET       3.0169 +- 0.0017   pulls +1.3 +4.7 +4.5 +2.8 +2.0 +1.1 -0.1 -0.1 +0.5 +0.9
  NNLO             0.8634     1.056      1.02     1.527     1.855     2.061     2.725     3.018    -64.71    -744.2
    +-               0.06     0.075     0.092      0.13      0.16       0.2      0.27      0.33   2.3e+02   4.9e+03
  NNLOJET       -0.18548 +- 0.38   pulls +2.8 +3.2 +3.1 +4.3 +5.0 +5.3 +6.3 +6.4 -0.3 -0.2
  NNLO(no corr)    0.8622     1.053     1.019     1.526     1.849     2.077     2.657     2.672     1.263    -3.648
    +-               0.06     0.075     0.092      0.13      0.16       0.2      0.27      0.32      0.46      0.63
  rcorr           0.00123  0.002609  0.001474  0.001777  0.005997  -0.01527   0.06806    0.3466    -65.98    -740.5
    +-            0.00075    0.0011    0.0012    0.0023    0.0041    0.0092      0.02     0.061   2.3e+02   4.9e+03

m12 65-120
  LO                3.816     3.816     3.816     3.816     3.816     3.816     3.816     3.816     3.816     3.816
    +-              0.001     0.001     0.001     0.001     0.001     0.001     0.001     0.001     0.001     0.001
  NNLOJET       3.8168 +- 6.3e-05   pulls -0.5 -0.5 -0.5 -0.5 -0.5 -0.5 -0.5 -0.5 -0.5 -0.5
  NLO              0.2747    0.2854     0.282    0.2751    0.2716    0.2662    0.2605    0.2609    0.2616    0.2533
    +-             0.0038    0.0045    0.0049    0.0062    0.0065     0.007    0.0077    0.0084    0.0097     0.012
  NNLOJET       0.26951 +- 0.0006   pulls +1.3 +3.5 +2.5 +0.9 +0.3 -0.5 -1.2 -1.0 -0.8 -1.4
  NNLO              0.159    0.2114    0.3315    0.4603    0.5462    0.7029    0.8689    -130.4-3.227e+04 -1.02e+05
    +-              0.018     0.023      0.03     0.041     0.052     0.065       0.1        61   2.2e+04   1.1e+05
  NNLOJET       -0.0015498 +- 0.043   pulls +3.4 +4.4 +6.4 +7.8 +8.1 +9.0 +7.7 -2.1 -1.4 -0.9
  NNLO(no corr)    0.1589    0.2112    0.3316    0.4597    0.5418    0.6976    0.9006     1.142   -0.1534    -1.812
    +-              0.018     0.023      0.03     0.041     0.052     0.065      0.09      0.12      0.15      0.25
  rcorr         7.137e-05 0.0001707-0.0001538  0.000525  0.004408  0.005262  -0.03166    -131.5-3.227e+04 -1.02e+05
    +-            8.3e-05   0.00015   0.00018   0.00043    0.0013    0.0024     0.052        61   2.2e+04   1.1e+05
