b0         8 seeds; max |mean - trimmed|/err = 0.73
b1       200 seeds; max |mean - trimmed|/err = 0.11
lo       200 seeds; max |mean - trimmed|/err = 0.16
b2       100 seeds; max |mean - trimmed|/err = 0.17
vi       250 seeds; max |mean - trimmed|/err = 0.99
kp       200 seeds; max |mean - trimmed|/err = 0.48
r      DIAGNOSTIC: 59 of 3500 seeds left out (non-finite or |iteration| > 179000)
r       3441 seeds; max |mean - trimmed|/err = 2.13
rcorr  DIAGNOSTIC: 102 of 399 seeds left out (non-finite or |iteration| > 2040)
rcorr    297 seeds; max |mean - trimmed|/err = 1.46
tau_cut             2e-02     1e-02     5e-03     2e-03     1e-03     5e-04     2e-04     1e-04     3e-05     1e-05

total 0-0
  LO                103.3     103.3     103.3     103.3     103.3     103.3     103.3     103.3     103.3     103.3
    +-             0.0046    0.0046    0.0046    0.0046    0.0046    0.0046    0.0046    0.0046    0.0046    0.0046
  NNLOJET       103.28 +- 0.00053   pulls -0.4 -0.4 -0.4 -0.4 -0.4 -0.4 -0.4 -0.4 -0.4 -0.4
  NLO               12.31     11.78     11.33     10.95     10.79     10.65     10.56     10.48     10.45     10.48
    +-              0.031     0.036     0.043     0.054     0.061     0.068     0.077     0.082      0.09       0.1
  NNLOJET       10.58 +- 0.0048   pulls +55.6 +32.8 +17.2 +6.9 +3.4 +1.0 -0.3 -1.3 -1.4 -0.9
  NNLO              12.61     12.36     11.75     12.27     12.61     16.92     25.38     36.96     27.95     15.85
    +-                1.3       1.1       1.2         1       1.5       3.2       9.5        12        15        25
  NNLOJET       11.12 +- 1.2   pulls +0.9 +0.8 +0.4 +0.7 +0.8 +1.7 +1.5 +2.1 +1.1 +0.2
  NNLO(no corr)      12.6     12.35     11.74      12.3     12.63     17.09     23.64     34.62     17.75    -20.23
    +-                1.3       1.1       1.2         1       1.5       3.2       9.5        12        15        25
  rcorr          0.005903  0.009861   0.01716  -0.02827  -0.01408   -0.1694      1.74     2.343      10.2     36.08
    +-              0.018     0.021     0.023     0.033       0.2       0.2      0.87      0.53       1.6       2.4

q2 125-250
  LO                43.18     43.18     43.18     43.18     43.18     43.18     43.18     43.18     43.18     43.18
    +-             0.0061    0.0061    0.0061    0.0061    0.0061    0.0061    0.0061    0.0061    0.0061    0.0061
  NNLOJET       43.189 +- 0.00034   pulls -1.5 -1.5 -1.5 -1.5 -1.5 -1.5 -1.5 -1.5 -1.5 -1.5
  NLO               7.814     7.814     7.739     7.659     7.616     7.586     7.546     7.538     7.541     7.519
    +-              0.022     0.027     0.033     0.043     0.048     0.051     0.056     0.062      0.07      0.08
  NNLOJET       7.5242 +- 0.0033   pulls +13.1 +10.6 +6.5 +3.1 +1.9 +1.2 +0.4 +0.2 +0.2 -0.1
  NNLO               8.32     8.205      8.07     7.676     8.225     11.13     15.94     27.38     24.12     12.91
    +-                1.2       1.1       1.1      0.82      0.85       2.9       9.2        12        14        23
  NNLOJET       6.9167 +- 1   pulls +0.9 +0.9 +0.8 +0.6 +1.0 +1.4 +1.0 +1.7 +1.2 +0.3
  NNLO(no corr)     8.329     8.207     8.071     7.722      8.19     11.29     15.73     25.89     16.57      -7.8
    +-                1.2       1.1       1.1      0.82      0.85       2.8       9.2        12        14        23
  rcorr         -0.008399 -0.002012 -0.001472  -0.04585   0.03554   -0.1576    0.2178     1.497     7.545     20.71
    +-              0.011      0.01     0.013     0.025      0.05      0.19      0.13      0.29         1       1.8

q2 250-500
  LO                29.07     29.07     29.07     29.07     29.07     29.07     29.07     29.07     29.07     29.07
    +-              0.004     0.004     0.004     0.004     0.004     0.004     0.004     0.004     0.004     0.004
  NNLOJET       29.068 +- 0.00026   pulls +0.3 +0.3 +0.3 +0.3 +0.3 +0.3 +0.3 +0.3 +0.3 +0.3
  NLO               2.749     2.594     2.478     2.393     2.354     2.325     2.305     2.273     2.253     2.281
    +-              0.016      0.02     0.022     0.027      0.03     0.034     0.037     0.041     0.047     0.055
  NNLOJET       2.3067 +- 0.0023   pulls +27.6 +14.4 +7.8 +3.2 +1.5 +0.5 -0.0 -0.8 -1.1 -0.5
  NNLO              2.946      2.76     2.893     3.579     4.116     4.733      5.94     5.092     1.164    -6.371
    +-               0.21      0.27      0.31      0.36       0.6      0.73       1.3       1.2       2.7       6.9
  NNLOJET       3.0541 +- 0.57   pulls -0.2 -0.5 -0.2 +0.8 +1.3 +1.8 +2.0 +1.5 -0.7 -1.4
  NNLO(no corr)     2.933     2.749     2.875     3.572     4.227     4.747      4.52     4.784    0.0374    -15.58
    +-               0.21      0.27      0.31      0.36      0.58      0.73       1.1       1.2       2.4       6.8
  rcorr           0.01359   0.01048   0.01744  0.007617   -0.1108  -0.01327     1.419    0.3084     1.126     9.209
    +-             0.0085    0.0083    0.0094     0.011      0.18     0.034      0.82      0.31       1.2       1.4

q2 500-1000
  LO                17.04     17.04     17.04     17.04     17.04     17.04     17.04     17.04     17.04     17.04
    +-             0.0028    0.0028    0.0028    0.0028    0.0028    0.0028    0.0028    0.0028    0.0028    0.0028
  NNLOJET       17.042 +- 0.00022   pulls +0.2 +0.2 +0.2 +0.2 +0.2 +0.2 +0.2 +0.2 +0.2 +0.2
  NLO              0.8427     0.702    0.5948    0.4909    0.4534    0.4087    0.4081    0.3912    0.3902    0.3998
    +-               0.01     0.013     0.016      0.02     0.022     0.024     0.028     0.032     0.036     0.043
  NNLOJET       0.43746 +- 0.0016   pulls +39.7 +21.0 +10.0 +2.7 +0.7 -1.2 -1.0 -1.4 -1.3 -0.9
  NNLO              1.043     1.092    0.5165    0.5868     0.138    0.3513     2.806     2.588    0.6242     7.996
    +-               0.16      0.21      0.43      0.46      0.96         1       1.3       1.9       1.9       6.2
  NNLOJET       0.85812 +- 0.32   pulls +0.5 +0.6 -0.6 -0.5 -0.7 -0.5 +1.5 +0.9 -0.1 +1.2
  NNLO(no corr)     1.046     1.094     0.518      0.58    0.0826    0.3425     2.611     2.119   -0.5921     3.385
    +-               0.16      0.21      0.43      0.46      0.96         1       1.3       1.9       1.8       6.1
  rcorr         -0.002179  -0.00198 -0.001487  0.006837   0.05544  0.008785    0.1944    0.4689     1.216     4.611
    +-             0.0017    0.0017    0.0018    0.0073     0.056     0.016      0.13      0.28      0.16      0.36

q2 1000-2000
  LO                8.522     8.522     8.522     8.522     8.522     8.522     8.522     8.522     8.522     8.522
    +-             0.0022    0.0022    0.0022    0.0022    0.0022    0.0022    0.0022    0.0022    0.0022    0.0022
  NNLOJET       8.5191 +- 0.00018   pulls +1.2 +1.2 +1.2 +1.2 +1.2 +1.2 +1.2 +1.2 +1.2 +1.2
  NLO              0.3927    0.2778    0.1986    0.1445    0.1144   0.08078   0.06599   0.05545   0.06505   0.08017
    +-             0.0058    0.0076      0.01     0.013     0.015     0.018      0.02     0.022     0.025      0.03
  NNLOJET       0.097476 +- 0.0013   pulls +49.6 +23.3 +9.7 +3.6 +1.1 -0.9 -1.6 -1.9 -1.3 -0.6
  NNLO             0.2535    0.2595   0.08414    0.3233     0.235    0.5922    0.5089     1.425     1.503     1.018
    +-              0.062      0.07     0.093      0.14      0.19      0.23       0.3      0.41      0.48      0.75
  NNLOJET       0.31993 +- 0.14   pulls -0.4 -0.4 -1.4 +0.0 -0.4 +1.0 +0.6 +2.5 +2.4 +0.9
  NNLO(no corr)    0.2506    0.2561   0.08145    0.3201    0.2292    0.5985    0.6001     1.406     1.246  -0.01406
    +-               0.06     0.068     0.091      0.14      0.19      0.23      0.28      0.41      0.47      0.69
  rcorr          0.002894  0.003371  0.002691  0.003147   0.00586 -0.006377  -0.09127   0.01855    0.2572     1.032
    +-              0.016     0.016     0.016     0.016     0.016     0.021       0.1     0.033     0.092       0.3

q2 2000-5000
  LO                4.322     4.322     4.322     4.322     4.322     4.322     4.322     4.322     4.322     4.322
    +-             0.0018    0.0018    0.0018    0.0018    0.0018    0.0018    0.0018    0.0018    0.0018    0.0018
  NNLOJET       4.3201 +- 0.00016   pulls +0.9 +0.9 +0.9 +0.9 +0.9 +0.9 +0.9 +0.9 +0.9 +0.9
  NLO              0.3257     0.245    0.1885    0.1547    0.1436     0.141    0.1311    0.1182    0.1076    0.1145
    +-             0.0043    0.0051    0.0067    0.0092      0.01     0.012     0.013     0.015     0.018     0.022
  NNLOJET       0.11692 +- 0.0011   pulls +47.4 +24.5 +10.5 +4.1 +2.6 +2.0 +1.1 +0.1 -0.5 -0.1
  NNLO            0.02353   0.04132   0.06609     0.152   0.08069    0.2484    0.2898    0.5176    0.5136    0.4685
    +-              0.033     0.035     0.079     0.076       0.1      0.15      0.21      0.25      0.36       0.5
  NNLOJET       0.004896 +- 0.11   pulls +0.2 +0.3 +0.4 +1.1 +0.5 +1.3 +1.2 +1.9 +1.3 +0.9
  NNLO(no corr)   0.02353   0.04133   0.06611     0.152   0.08074    0.2495    0.2902    0.4686    0.4687  -0.02084
    +-              0.033     0.035     0.079     0.076       0.1      0.15      0.21      0.24      0.36       0.5
  rcorr        -4.575e-06 -8.19e-06-1.125e-05-1.689e-05-4.785e-05 -0.001129-0.0003708   0.04897   0.04488    0.4893
    +-            1.9e-05     4e-05   5.6e-05   0.00014   0.00037   0.00056    0.0034     0.043     0.023     0.098

q2 5000-20000
  LO                1.144     1.144     1.144     1.144     1.144     1.144     1.144     1.144     1.144     1.144
    +-              0.001     0.001     0.001     0.001     0.001     0.001     0.001     0.001     0.001     0.001
  NNLOJET       1.1428 +- 0.00013   pulls +1.0 +1.0 +1.0 +1.0 +1.0 +1.0 +1.0 +1.0 +1.0 +1.0
  NLO              0.1875    0.1517    0.1306    0.1125    0.1085    0.1033    0.1022   0.09991   0.09405   0.08925
    +-             0.0023    0.0025    0.0033    0.0046     0.005    0.0057    0.0072    0.0086      0.01     0.012
  NNLOJET       0.097001 +- 0.0008   pulls +37.7 +20.9 +10.0 +3.3 +2.3 +1.1 +0.7 +0.3 -0.3 -0.7
  NNLO            0.01894  0.004986    0.1257  -0.04202   -0.1823   -0.1318   -0.1121  -0.04637   0.02498   -0.1699
    +-             0.0092     0.012      0.13     0.046      0.15      0.15      0.15      0.16      0.17      0.19
  NNLOJET       -0.033775 +- 0.038   pulls +1.3 +1.0 +1.1 -0.1 -1.0 -0.6 -0.5 -0.1 +0.3 -0.7
  NNLO(no corr)   0.01894  0.004975    0.1257  -0.04202   -0.1822   -0.1319   -0.1117  -0.04707   0.01518   -0.1984
    +-             0.0092     0.012      0.13     0.046      0.15      0.15      0.15      0.16      0.17      0.19
  rcorr          1.46e-06 1.106e-05 2.457e-06-3.188e-06-5.352e-05 0.0001252-0.0004161 0.0007035  0.009798   0.02854
    +-              2e-06   1.1e-05   1.6e-05     2e-05   6.6e-05   0.00021   0.00078    0.0013    0.0033    0.0074

ptavg 8-15
  LO                73.95     73.95     73.95     73.95     73.95     73.95     73.95     73.95     73.95     73.95
    +-             0.0052    0.0052    0.0052    0.0052    0.0052    0.0052    0.0052    0.0052    0.0052    0.0052
  NNLOJET       73.954 +- 0.00052   pulls -1.5 -1.5 -1.5 -1.5 -1.5 -1.5 -1.5 -1.5 -1.5 -1.5
  NLO               6.164      5.71     5.335     5.029     4.889      4.77     4.713     4.632     4.578     4.619
    +-              0.029     0.035     0.041     0.052     0.059     0.066     0.075     0.081     0.091       0.1
  NNLOJET       4.7453 +- 0.005   pulls +47.8 +27.4 +14.3 +5.5 +2.4 +0.4 -0.4 -1.4 -1.8 -1.2
  NNLO              9.777     9.561     8.876     8.555     8.564     9.837      14.6     13.77     14.34     12.94
    +-                1.3       1.1       1.1      0.92       1.4       1.5       2.4       2.8       3.4        10
  NNLOJET       9.5546 +- 1.1   pulls +0.1 +0.0 -0.4 -0.7 -0.6 +0.1 +1.9 +1.4 +1.3 +0.3
  NNLO(no corr)     9.779     9.558     8.862     8.582     8.674     10.01     13.32     12.74         8    -11.94
    +-                1.3       1.1       1.1      0.92       1.3       1.5       2.3       2.8       3.2       9.9
  rcorr         -0.002054  0.003418   0.01399  -0.02632     -0.11   -0.1778      1.28     1.025     6.342     24.88
    +-              0.018     0.021     0.022     0.032      0.19      0.19      0.82      0.46       1.1         2

ptavg 15-22
  LO                20.51     20.51     20.51     20.51     20.51     20.51     20.51     20.51     20.51     20.51
    +-             0.0026    0.0026    0.0026    0.0026    0.0026    0.0026    0.0026    0.0026    0.0026    0.0026
  NNLOJET       20.502 +- 0.00017   pulls +2.1 +2.1 +2.1 +2.1 +2.1 +2.1 +2.1 +2.1 +2.1 +2.1
  NLO               5.293     5.238     5.186     5.139     5.118     5.104     5.091      5.09     5.115     5.125
    +-              0.011     0.013     0.013     0.016     0.018     0.019     0.021     0.024     0.027     0.033
  NNLOJET       5.0696 +- 0.0015   pulls +20.9 +13.0 +8.7 +4.4 +2.7 +1.8 +1.0 +0.9 +1.7 +1.7
  NNLO              0.523    0.4222    0.3589    0.8985     1.215     1.423   0.09006     1.128   -0.5396     -5.48
    +-                0.1      0.21      0.43      0.46      0.48       0.5       1.3       1.3       1.6       2.8
  NNLOJET       0.011899 +- 0.23   pulls +2.0 +1.3 +0.7 +1.7 +2.2 +2.6 +0.1 +0.8 -0.3 -2.0
  NNLO(no corr)     0.514    0.4172    0.3533    0.8985     1.147     1.401   0.00982    0.6273    -3.476    -14.15
    +-                0.1      0.21      0.43      0.46      0.48       0.5       1.3       1.3       1.5       2.7
  rcorr          0.008999  0.004942  0.005644 2.906e-05   0.06813   0.02208   0.08024    0.5005     2.937     8.667
    +-             0.0064    0.0061    0.0094    0.0098     0.058     0.019     0.053     0.091      0.37      0.46

ptavg 22-30
  LO                6.119     6.119     6.119     6.119     6.119     6.119     6.119     6.119     6.119     6.119
    +-             0.0015    0.0015    0.0015    0.0015    0.0015    0.0015    0.0015    0.0015    0.0015    0.0015
  NNLOJET       6.1183 +- 7.6e-05   pulls +0.2 +0.2 +0.2 +0.2 +0.2 +0.2 +0.2 +0.2 +0.2 +0.2
  NLO              0.9841    0.9736    0.9545    0.9363    0.9375    0.9288    0.9136    0.9132    0.9199    0.9092
    +-             0.0048    0.0054    0.0063    0.0077    0.0083    0.0097     0.011     0.012     0.014     0.016
  NNLOJET       0.92342 +- 0.00064   pulls +12.5 +9.3 +4.9 +1.7 +1.7 +0.6 -0.9 -0.9 -0.3 -0.9
  NNLO           -0.01113   0.01573   0.08485    0.2377    0.1853    0.3345    0.4579    0.9563  -0.01491    -3.549
    +-              0.038     0.051     0.057     0.091      0.11      0.15      0.18      0.32      0.34       2.2
  NNLOJET       -0.55296 +- 0.35   pulls +1.6 +1.6 +1.8 +2.2 +2.0 +2.3 +2.6 +3.2 +1.1 -1.3
  NNLO(no corr) -0.009445   0.01575   0.08764    0.2415    0.1677    0.3687    0.4054    0.3947    -1.123    -6.196
    +-              0.038     0.051     0.057     0.091      0.11      0.15      0.18      0.23      0.31       2.2
  rcorr         -0.001685-2.547e-05 -0.002785 -0.003793   0.01762  -0.03423   0.05251    0.5617     1.108     2.647
    +-            0.00099    0.0019    0.0013     0.002     0.018     0.014     0.027      0.22      0.16      0.23

ptavg 30-60
  LO                2.657     2.657     2.657     2.657     2.657     2.657     2.657     2.657     2.657     2.657
    +-            0.00055   0.00055   0.00055   0.00055   0.00055   0.00055   0.00055   0.00055   0.00055   0.00055
  NNLOJET       2.6571 +- 3.7e-05   pulls +0.4 +0.4 +0.4 +0.4 +0.4 +0.4 +0.4 +0.4 +0.4 +0.4
  NLO             -0.1011   -0.1086   -0.1173   -0.1214   -0.1261    -0.129   -0.1302   -0.1314   -0.1321   -0.1397
    +-             0.0023    0.0028    0.0032    0.0039    0.0042    0.0046    0.0054    0.0061    0.0073    0.0089
  NNLOJET       -0.13036 +- 0.00026   pulls +12.5 +7.8 +4.1 +2.3 +1.0 +0.3 +0.0 -0.2 -0.2 -1.1
  NNLO            -0.0435 0.0002251   0.07025    0.2118    0.2705    0.3052     8.607     12.89     11.54     15.69
    +-              0.018     0.022     0.027     0.047     0.059     0.075         8       9.1       9.2        13
  NNLOJET       -0.17588 +- 0.044   pulls +2.8 +3.5 +4.7 +6.0 +6.1 +5.5 +1.1 +1.4 +1.3 +1.2
  NNLO(no corr)  -0.04413 -0.001287   0.06995      0.21    0.2611     0.285     8.279     12.68     10.71     14.75
    +-              0.018     0.022     0.027     0.047     0.059     0.074         8       9.1       9.2        13
  rcorr         0.0006324  0.001513 0.0002948  0.001768  0.009467   0.02013    0.3275     0.215    0.8367    0.9413
    +-             0.0006   0.00085   0.00084   0.00081    0.0034     0.013      0.25     0.028      0.06      0.13

m12 20-30
  LO                50.71     50.71     50.71     50.71     50.71     50.71     50.71     50.71     50.71     50.71
    +-             0.0063    0.0063    0.0063    0.0063    0.0063    0.0063    0.0063    0.0063    0.0063    0.0063
  NNLOJET       50.711 +- 0.00045   pulls -0.1 -0.1 -0.1 -0.1 -0.1 -0.1 -0.1 -0.1 -0.1 -0.1
  NLO               1.859     1.335         1    0.7374    0.6218    0.5453    0.4986    0.4264     0.381    0.4544
    +-              0.025      0.03     0.036     0.045      0.05     0.058     0.066     0.069     0.077     0.089
  NNLOJET       0.54101 +- 0.0046   pulls +51.3 +25.9 +12.6 +4.3 +1.6 +0.1 -0.6 -1.6 -2.1 -1.0
  NNLO              7.264     7.439     7.104     6.318     6.091      7.59      11.9     9.916     9.686     5.473
    +-                1.3       1.1       1.1      0.81       1.3       1.4       2.2       2.6       3.1       7.6
  NNLOJET       8.3483 +- 0.89   pulls -0.7 -0.6 -0.9 -1.7 -1.5 -0.5 +1.5 +0.6 +0.4 -0.4
  NNLO(no corr)     7.267     7.436     7.094     6.334      6.22     7.597     10.72     9.362     5.601    -10.91
    +-                1.3       1.1       1.1      0.81       1.2       1.4         2       2.6       2.9       7.4
  rcorr         -0.002501  0.002669  0.009649  -0.01596    -0.129 -0.007193     1.178    0.5542     4.085     16.38
    +-              0.017      0.02     0.021     0.025      0.18     0.074      0.81      0.24         1       1.9

m12 30-45
  LO                35.54     35.54     35.54     35.54     35.54     35.54     35.54     35.54     35.54     35.54
    +-             0.0049    0.0049    0.0049    0.0049    0.0049    0.0049    0.0049    0.0049    0.0049    0.0049
  NNLOJET       35.545 +- 0.0003   pulls -0.2 -0.2 -0.2 -0.2 -0.2 -0.2 -0.2 -0.2 -0.2 -0.2
  NLO               7.183     7.133     7.012     6.923     6.886     6.836      6.82     6.808     6.814     6.768
    +-              0.018     0.022     0.025      0.03     0.033     0.037     0.041     0.044     0.049     0.057
  NNLOJET       6.7881 +- 0.0031   pulls +21.2 +15.6 +9.0 +4.5 +2.9 +1.3 +0.8 +0.5 +0.5 -0.4
  NNLO              4.292     3.833     3.628     4.684     5.067     5.292     4.412     6.602     5.561     1.573
    +-               0.27      0.34      0.54      0.66       0.7      0.73       1.4       1.6       1.8       2.7
  NNLOJET       2.9449 +- 0.77   pulls +1.6 +1.1 +0.7 +1.7 +2.0 +2.2 +0.9 +2.1 +1.3 -0.5
  NNLO(no corr)       4.3     3.847     3.639     4.701     4.985     5.429     4.272     5.837     1.481     -12.7
    +-               0.26      0.34      0.54      0.66       0.7       0.7       1.4       1.5       1.7       2.6
  rcorr         -0.008081  -0.01361  -0.01035   -0.0166   0.08152    -0.137    0.1395    0.7655     4.081     14.27
    +-              0.014     0.014     0.016     0.018     0.066      0.18     0.067      0.38      0.54      0.75

m12 45-65
  LO                13.11     13.11     13.11     13.11     13.11     13.11     13.11     13.11     13.11     13.11
    +-             0.0026    0.0026    0.0026    0.0026    0.0026    0.0026    0.0026    0.0026    0.0026    0.0026
  NNLOJET       13.108 +- 0.00016   pulls +0.1 +0.1 +0.1 +0.1 +0.1 +0.1 +0.1 +0.1 +0.1 +0.1
  NLO               3.029     3.066     3.071     3.055     3.047     3.035     3.016     3.016     3.031     3.045
    +-               0.01     0.011     0.012     0.014     0.015     0.016     0.019     0.021     0.026     0.032
  NNLOJET       3.0169 +- 0.0017   pulls +1.2 +4.5 +4.3 +2.7 +2.0 +1.1 -0.1 -0.0 +0.5 +0.9
  NNLO             0.8757    0.8952    0.7615    0.8841     1.023    0.8897    0.9538     1.123    0.6279   -0.4932
    +-                0.2      0.23      0.25      0.29      0.31      0.48      0.61      0.69      0.73       6.6
  NNLOJET       -0.18548 +- 0.38   pulls +2.5 +2.5 +2.1 +2.3 +2.5 +1.8 +1.6 +1.7 +1.0 -0.0
  NNLO(no corr)    0.8594    0.8752    0.7433    0.8809    0.9997    0.9298    0.8483    0.4299     -1.33    -5.507
    +-                0.2      0.23      0.25      0.28      0.31      0.48      0.61      0.65      0.71       6.6
  rcorr           0.01632   0.01996   0.01814  0.003223   0.02329  -0.04015    0.1055    0.6929     1.958     5.014
    +-              0.014     0.014     0.014     0.022     0.028     0.029     0.046      0.23      0.18      0.31

m12 65-120
  LO                3.816     3.816     3.816     3.816     3.816     3.816     3.816     3.816     3.816     3.816
    +-             0.0011    0.0011    0.0011    0.0011    0.0011    0.0011    0.0011    0.0011    0.0011    0.0011
  NNLOJET       3.8168 +- 6.3e-05   pulls -0.3 -0.3 -0.3 -0.3 -0.3 -0.3 -0.3 -0.3 -0.3 -0.3
  NLO              0.2747    0.2855    0.2821    0.2754    0.2713    0.2658    0.2603    0.2608    0.2617    0.2523
    +-              0.004    0.0047    0.0051    0.0066    0.0069    0.0074    0.0082     0.009      0.01     0.013
  NNLOJET       0.26951 +- 0.0006   pulls +1.3 +3.4 +2.4 +0.9 +0.3 -0.5 -1.1 -1.0 -0.8 -1.4
  NNLO              0.161    0.1784    0.2402    0.3577    0.3981    0.4664     8.835     13.44     11.78     15.57
    +-              0.033     0.036     0.044     0.063     0.069      0.09         8       9.2       9.2        12
  NNLOJET       -0.0015498 +- 0.043   pulls +3.0 +3.2 +3.9 +4.7 +4.9 +4.7 +1.1 +1.5 +1.3 +1.3
  NNLO(no corr)    0.1608    0.1775    0.2404    0.3567    0.3887    0.4525      8.52     13.16     10.71     14.09
    +-              0.033     0.036     0.044     0.063     0.069     0.089         8       9.2       9.2        12
  rcorr         0.0001777 0.0008535-0.0002586  0.001029  0.009363   0.01396    0.3151    0.2798     1.076     1.475
    +-            0.00087     0.001   0.00093    0.0011    0.0034     0.013      0.25     0.049     0.085      0.19
