b0         8 seeds; max |mean - trimmed|/err = 0.73
b1       200 seeds; max |mean - trimmed|/err = 0.11
lo       200 seeds; max |mean - trimmed|/err = 0.16
b2       100 seeds; max |mean - trimmed|/err = 0.17
vi       250 seeds; max |mean - trimmed|/err = 0.99
kp       200 seeds; max |mean - trimmed|/err = 0.48
r       3495 seeds; max |mean - trimmed|/err = 5.21
rcorr    399 seeds; max |mean - trimmed|/err = 1.50
tau_cut             2e-02     1e-02     5e-03     2e-03     1e-03     5e-04     2e-04     1e-04     3e-05     1e-05

total 0-0
  LO                103.3     103.3     103.3     103.3     103.3     103.3     103.3     103.3     103.3     103.3
    +-             0.0046    0.0046    0.0046    0.0046    0.0046    0.0046    0.0046    0.0046    0.0046    0.0046
  NNLOJET       103.28 +- 0.00053   pulls -0.4 -0.4 -0.4 -0.4 -0.4 -0.4 -0.4 -0.4 -0.4 -0.4
  NLO               12.31     11.78     11.33     10.95     10.79     10.65     10.56     10.48     10.45     10.48
    +-              0.031     0.036     0.043     0.054     0.061     0.068     0.077     0.082      0.09       0.1
  NNLOJET       10.58 +- 0.0048   pulls +55.6 +32.8 +17.2 +6.9 +3.4 +1.0 -0.3 -1.3 -1.4 -0.9
  NNLO              10.93     11.76     13.69     21.07     29.35     41.78 1.042e+04 4.335e+05      -inf      -inf
    +-               0.39      0.44      0.52      0.78       1.2       2.1     1e+04   4.1e+05       nan       nan
  NNLOJET       11.12 +- 1.2   pulls -0.2 +0.5 +2.0 +7.0 +10.8 +12.7 +1.0 +1.1 +nan +nan
  NNLO(no corr)     10.93     11.76     13.68      21.1     29.37     40.86     56.27     70.37      -inf      -inf
    +-               0.39      0.44      0.52      0.78       1.2       1.8         3       4.3       nan       nan
  rcorr        -0.0009732  0.002321  0.006643  -0.02727  -0.02005    0.9172 1.037e+04 4.335e+05-2.22e+161-2.371e+161
    +-              0.014     0.016     0.018     0.025      0.15       1.1     1e+04   4.1e+05       inf       inf

q2 125-250
  LO                43.18     43.18     43.18     43.18     43.18     43.18     43.18     43.18     43.18     43.18
    +-             0.0061    0.0061    0.0061    0.0061    0.0061    0.0061    0.0061    0.0061    0.0061    0.0061
  NNLOJET       43.189 +- 0.00034   pulls -1.5 -1.5 -1.5 -1.5 -1.5 -1.5 -1.5 -1.5 -1.5 -1.5
  NLO               7.814     7.814     7.739     7.659     7.616     7.586     7.546     7.538     7.541     7.519
    +-              0.022     0.027     0.033     0.043     0.048     0.051     0.056     0.062      0.07      0.08
  NNLOJET       7.5242 +- 0.0033   pulls +13.1 +10.6 +6.5 +3.1 +1.9 +1.2 +0.4 +0.2 +0.2 -0.1
  NNLO              6.751     7.533     9.263     12.67     16.98     23.42 1.036e+04 4.339e+05      -inf      -inf
    +-               0.33      0.37      0.41      0.55      0.75       1.5     1e+04   4.1e+05       nan       nan
  NNLOJET       6.9167 +- 1   pulls -0.2 +0.6 +2.2 +5.1 +8.1 +9.1 +1.0 +1.1 +nan +nan
  NNLO(no corr)     6.762     7.539      9.27     12.71     16.95     22.47     29.95     36.19      -inf      -inf
    +-               0.33      0.37      0.41      0.55      0.75       1.1       1.7       2.4       nan       nan
  rcorr          -0.01134 -0.006349 -0.006918  -0.03949   0.02061    0.9497 1.033e+04 4.339e+05-2.22e+161-2.371e+161
    +-              0.009    0.0084      0.01     0.019     0.037       1.1     1e+04   4.1e+05       inf       inf

q2 250-500
  LO                29.07     29.07     29.07     29.07     29.07     29.07     29.07     29.07     29.07     29.07
    +-              0.004     0.004     0.004     0.004     0.004     0.004     0.004     0.004     0.004     0.004
  NNLOJET       29.068 +- 0.00026   pulls +0.3 +0.3 +0.3 +0.3 +0.3 +0.3 +0.3 +0.3 +0.3 +0.3
  NLO               2.749     2.594     2.478     2.393     2.354     2.325     2.305     2.273     2.253     2.281
    +-              0.016      0.02     0.022     0.027      0.03     0.034     0.037     0.041     0.047     0.055
  NNLOJET       2.3067 +- 0.0023   pulls +27.6 +14.4 +7.8 +3.2 +1.5 +0.5 -0.0 -0.8 -1.1 -0.5
  NNLO              2.843     2.947     3.299     5.872     8.463     11.68     54.07    -371.5-4.564e+79      -inf
    +-               0.17      0.19      0.22       0.3      0.45       0.6        37   3.7e+02   4.6e+79       nan
  NNLOJET       3.0541 +- 0.57   pulls -0.4 -0.2 +0.4 +4.4 +7.4 +10.4 +1.4 -1.0 -1.0 +nan
  NNLO(no corr)     2.833     2.939     3.286     5.866     8.545      11.7     16.05     20.11     26.07      -inf
    +-               0.17      0.19      0.22       0.3      0.43       0.6      0.95       1.3       2.2       nan
  rcorr          0.009809   0.00764   0.01276  0.005219  -0.08205  -0.02204     38.03    -391.6-4.564e+79-1.982e+143
    +-             0.0064    0.0062    0.0071    0.0085      0.13     0.029        37   3.7e+02   4.6e+79    2e+143

q2 500-1000
  LO                17.04     17.04     17.04     17.04     17.04     17.04     17.04     17.04     17.04     17.04
    +-             0.0028    0.0028    0.0028    0.0028    0.0028    0.0028    0.0028    0.0028    0.0028    0.0028
  NNLOJET       17.042 +- 0.00022   pulls +0.2 +0.2 +0.2 +0.2 +0.2 +0.2 +0.2 +0.2 +0.2 +0.2
  NLO              0.8427     0.702    0.5948    0.4909    0.4534    0.4087    0.4081    0.3912    0.3902    0.3998
    +-               0.01     0.013     0.016      0.02     0.022     0.024     0.028     0.032     0.036     0.043
  NNLOJET       0.43746 +- 0.0016   pulls +39.7 +21.0 +10.0 +2.7 +0.7 -1.2 -1.0 -1.4 -1.3 -0.9
  NNLO              1.025     1.112     1.019     1.857     2.914     4.557     6.895      9.19      1134-7.895e+94
    +-               0.11      0.14      0.18      0.23      0.29      0.35      0.48      0.66   1.6e+03   7.9e+94
  NNLOJET       0.85812 +- 0.32   pulls +0.5 +0.7 +0.4 +2.5 +4.7 +7.8 +10.4 +11.4 +0.7 -1.0
  NNLO(no corr)     1.027     1.114     1.021     1.852     2.873     4.553     6.755     8.791     11.83     12.78
    +-               0.11      0.14      0.18      0.23      0.29      0.35      0.47      0.62       1.1       1.7
  rcorr          -0.00162 -0.001485 -0.001208  0.004743   0.04052  0.004117    0.1396     0.399      1123-7.895e+94
    +-             0.0012    0.0013    0.0013    0.0054     0.042     0.012     0.098      0.22   1.6e+03   7.9e+94

q2 1000-2000
  LO                8.522     8.522     8.522     8.522     8.522     8.522     8.522     8.522     8.522     8.522
    +-             0.0022    0.0022    0.0022    0.0022    0.0022    0.0022    0.0022    0.0022    0.0022    0.0022
  NNLOJET       8.5191 +- 0.00018   pulls +1.2 +1.2 +1.2 +1.2 +1.2 +1.2 +1.2 +1.2 +1.2 +1.2
  NLO              0.3927    0.2778    0.1986    0.1445    0.1144   0.08078   0.06599   0.05545   0.06505   0.08017
    +-             0.0058    0.0076      0.01     0.013     0.015     0.018      0.02     0.022     0.025      0.03
  NNLOJET       0.097476 +- 0.0013   pulls +49.6 +23.3 +9.7 +3.6 +1.1 -0.9 -1.6 -1.9 -1.3 -0.6
  NNLO             0.2554    0.1491    0.1377    0.5482    0.8089     1.517     2.262     3.696     18.56  3.19e+86
    +-              0.061     0.078     0.082      0.11      0.14      0.18      0.26      0.31        10   3.2e+86
  NNLOJET       0.31993 +- 0.14   pulls -0.4 -1.1 -1.1 +1.3 +2.5 +5.3 +6.6 +9.8 +1.8 +1.0
  NNLO(no corr)    0.2532    0.1466    0.1357    0.5459    0.8079     1.531     2.342      3.69     5.169     6.138
    +-              0.059     0.077     0.081      0.11      0.14      0.18      0.25      0.31      0.48      0.73
  rcorr          0.002171  0.002528  0.002028  0.002303 0.0009679  -0.01414  -0.07936  0.005765     13.39  3.19e+86
    +-              0.012     0.012     0.012     0.012     0.013     0.017     0.078     0.025        10   3.2e+86

q2 2000-5000
  LO                4.322     4.322     4.322     4.322     4.322     4.322     4.322     4.322     4.322     4.322
    +-             0.0018    0.0018    0.0018    0.0018    0.0018    0.0018    0.0018    0.0018    0.0018    0.0018
  NNLOJET       4.3201 +- 0.00016   pulls +0.9 +0.9 +0.9 +0.9 +0.9 +0.9 +0.9 +0.9 +0.9 +0.9
  NLO              0.3257     0.245    0.1885    0.1547    0.1436     0.141    0.1311    0.1182    0.1076    0.1145
    +-             0.0043    0.0051    0.0067    0.0092      0.01     0.012     0.013     0.015     0.018     0.022
  NNLOJET       0.11692 +- 0.0011   pulls +47.4 +24.5 +10.5 +4.1 +2.6 +2.0 +1.1 +0.1 -0.5 -0.1
  NNLO            0.04084   0.02056  -0.01532    0.1597    0.2688    0.6097     1.086       1.4      2.18     4.072
    +-              0.028     0.034     0.051     0.058     0.078      0.13      0.17      0.18      0.26       1.2
  NNLOJET       0.004896 +- 0.11   pulls +0.3 +0.1 -0.2 +1.2 +1.9 +3.5 +5.2 +6.6 +7.8 +3.4
  NNLO(no corr)   0.04085   0.02058   -0.0153    0.1597    0.2688    0.6102     1.086      1.36     2.113     2.794
    +-              0.028     0.034     0.051     0.058     0.078      0.13      0.17      0.18      0.25      0.36
  rcorr        -3.098e-06-2.034e-05-2.201e-05-4.454e-05-5.597e-05-0.0005104 2.724e-05    0.0404   0.06749     1.278
    +-            1.5e-05   3.2e-05   4.3e-05   0.00011   0.00028   0.00048    0.0025     0.032     0.029       1.1

q2 5000-20000
  LO                1.144     1.144     1.144     1.144     1.144     1.144     1.144     1.144     1.144     1.144
    +-              0.001     0.001     0.001     0.001     0.001     0.001     0.001     0.001     0.001     0.001
  NNLOJET       1.1428 +- 0.00013   pulls +1.0 +1.0 +1.0 +1.0 +1.0 +1.0 +1.0 +1.0 +1.0 +1.0
  NLO              0.1875    0.1517    0.1306    0.1125    0.1085    0.1033    0.1022   0.09991   0.09405   0.08925
    +-             0.0023    0.0025    0.0033    0.0046     0.005    0.0057    0.0072    0.0086      0.01     0.012
  NNLOJET       0.097001 +- 0.0008   pulls +37.7 +20.9 +10.0 +3.3 +2.3 +1.1 +0.7 +0.3 -0.3 -0.7
  NNLO            0.01197  0.003446  -0.01735  -0.03468  -0.08345 -0.007936   0.09187    0.2293    0.3877    0.3493
    +-             0.0092     0.014      0.02     0.024     0.039     0.061     0.068     0.077     0.093      0.15
  NNLOJET       -0.033775 +- 0.038   pulls +1.2 +0.9 +0.4 -0.0 -0.9 +0.4 +1.6 +3.1 +4.2 +2.5
  NNLO(no corr)   0.01196  0.003438  -0.01735  -0.03467  -0.08341 -0.008024   0.09228    0.2286    0.3801    0.3274
    +-             0.0092     0.014      0.02     0.024     0.039     0.061     0.068     0.077     0.093      0.15
  rcorr         5.621e-06 8.284e-06 3.447e-07-3.973e-06-4.176e-05  8.85e-05-0.0004038  0.000633  0.007655   0.02188
    +-            4.8e-06   8.2e-06   1.2e-05   1.5e-05   4.9e-05   0.00016   0.00059     0.001    0.0025     0.006

ptavg 8-15
  LO                73.95     73.95     73.95     73.95     73.95     73.95     73.95     73.95     73.95     73.95
    +-             0.0052    0.0052    0.0052    0.0052    0.0052    0.0052    0.0052    0.0052    0.0052    0.0052
  NNLOJET       73.954 +- 0.00052   pulls -1.5 -1.5 -1.5 -1.5 -1.5 -1.5 -1.5 -1.5 -1.5 -1.5
  NLO               6.164      5.71     5.335     5.029     4.889      4.77     4.713     4.632     4.578     4.619
    +-              0.029     0.035     0.041     0.052     0.059     0.066     0.075     0.081     0.091       0.1
  NNLOJET       4.7453 +- 0.005   pulls +47.8 +27.4 +14.3 +5.5 +2.4 +0.4 -0.4 -1.4 -1.8 -1.2
  NNLO              8.081     8.518     9.893     15.77     22.63     33.11     45.64     56.52     76.77      -inf
    +-               0.38      0.42      0.48      0.63      0.92       1.7       2.3       3.1       5.5       nan
  NNLOJET       9.5546 +- 1.1   pulls -1.2 -0.9 +0.3 +4.8 +9.0 +11.5 +14.3 +14.4 +12.0 +nan
  NNLO(no corr)     8.088     8.522     9.889      15.8     22.72     32.19     44.73     55.74     71.95      -inf
    +-               0.38      0.42      0.48      0.63      0.91       1.4       2.2         3       5.4       nan
  rcorr         -0.007291 -0.003365  0.004467  -0.02574  -0.08755     0.918    0.9087    0.7765     4.823-1.509e+160
    +-              0.014     0.016     0.017     0.024      0.14       1.1      0.62      0.35      0.85       inf

ptavg 15-22
  LO                20.51     20.51     20.51     20.51     20.51     20.51     20.51     20.51     20.51     20.51
    +-             0.0026    0.0026    0.0026    0.0026    0.0026    0.0026    0.0026    0.0026    0.0026    0.0026
  NNLOJET       20.502 +- 0.00017   pulls +2.1 +2.1 +2.1 +2.1 +2.1 +2.1 +2.1 +2.1 +2.1 +2.1
  NLO               5.293     5.238     5.186     5.139     5.118     5.104     5.091      5.09     5.115     5.125
    +-              0.011     0.013     0.013     0.016     0.018     0.019     0.021     0.024     0.027     0.033
  NNLOJET       5.0696 +- 0.0015   pulls +20.9 +13.0 +8.7 +4.4 +2.7 +1.8 +1.0 +0.9 +1.7 +1.7
  NNLO             0.5971    0.8515     1.198     2.261     3.302     4.801     6.871     9.701 -1.48e+04-1.593e+141
    +-              0.093      0.13      0.19      0.24      0.32      0.43       0.7      0.97   1.4e+04  1.6e+141
  NNLOJET       0.011899 +- 0.23   pulls +2.4 +3.2 +4.0 +6.7 +8.3 +9.8 +9.3 +9.7 -1.1 -1.0
  NNLO(no corr)    0.5901    0.8472     1.194     2.261     3.256     4.793     6.821     9.244     10.45     8.712
    +-              0.093      0.13      0.19      0.24      0.32      0.43       0.7      0.97       1.7       2.7
  rcorr          0.006983  0.004286  0.003813-4.351e-06   0.04624  0.007898   0.04969    0.4577-1.481e+04-1.593e+141
    +-             0.0047    0.0046     0.007    0.0073     0.043     0.016     0.041     0.078   1.4e+04  1.6e+141

ptavg 22-30
  LO                6.119     6.119     6.119     6.119     6.119     6.119     6.119     6.119     6.119     6.119
    +-             0.0015    0.0015    0.0015    0.0015    0.0015    0.0015    0.0015    0.0015    0.0015    0.0015
  NNLOJET       6.1183 +- 7.6e-05   pulls +0.2 +0.2 +0.2 +0.2 +0.2 +0.2 +0.2 +0.2 +0.2 +0.2
  NLO              0.9841    0.9736    0.9545    0.9363    0.9375    0.9288    0.9136    0.9132    0.9199    0.9092
    +-             0.0048    0.0054    0.0063    0.0077    0.0083    0.0097     0.011     0.012     0.014     0.016
  NNLOJET       0.92342 +- 0.00064   pulls +12.5 +9.3 +4.9 +1.7 +1.7 +0.6 -0.9 -0.9 -0.3 -0.9
  NNLO           -0.04894   0.03337    0.1502    0.4546    0.6938    0.9605     1.564     2.339      -inf      -inf
    +-              0.046     0.057     0.068     0.092      0.13      0.16      0.25      0.44       nan       nan
  NNLOJET       -0.55296 +- 0.35   pulls +1.4 +1.7 +2.0 +2.8 +3.4 +3.9 +5.0 +5.2 +nan +nan
  NNLO(no corr)  -0.04771   0.03322    0.1522    0.4574    0.6805    0.9851     1.533     2.043      -inf      -inf
    +-              0.046     0.057     0.068     0.092      0.12      0.16      0.25      0.32       nan       nan
  rcorr         -0.001227 0.0001561 -0.001953 -0.002887   0.01334  -0.02454   0.03109    0.2961 6.045e+05-2.199e+156
    +-            0.00074    0.0014   0.00094    0.0015     0.013     0.011     0.023       0.3   6.1e+05       inf

ptavg 30-60
  LO                2.657     2.657     2.657     2.657     2.657     2.657     2.657     2.657     2.657     2.657
    +-            0.00055   0.00055   0.00055   0.00055   0.00055   0.00055   0.00055   0.00055   0.00055   0.00055
  NNLOJET       2.6571 +- 3.7e-05   pulls +0.4 +0.4 +0.4 +0.4 +0.4 +0.4 +0.4 +0.4 +0.4 +0.4
  NLO             -0.1011   -0.1086   -0.1173   -0.1214   -0.1261    -0.129   -0.1302   -0.1314   -0.1321   -0.1397
    +-             0.0023    0.0028    0.0032    0.0039    0.0042    0.0046    0.0054    0.0061    0.0073    0.0089
  NNLOJET       -0.13036 +- 0.00026   pulls +12.5 +7.8 +4.1 +2.3 +1.0 +0.3 +0.0 -0.2 -0.2 -1.1
  NNLO           -0.02409   0.03792    0.1191    0.2469    0.3812    0.5636    -25.14    -963.6-2.22e+161      -inf
    +-               0.02     0.025     0.029     0.046     0.071     0.089        22   8.2e+02       inf       nan
  NNLOJET       -0.17588 +- 0.044   pulls +3.1 +4.2 +5.6 +6.6 +6.7 +7.4 -1.2 -1.2 -0.0 +nan
  NNLO(no corr)  -0.02458   0.03675    0.1189    0.2456    0.3739    0.5486    0.8338    0.9839    0.7427      -inf
    +-               0.02     0.025     0.029     0.046     0.071     0.089      0.12      0.17      0.26       nan
  rcorr         0.0004903   0.00117 0.0002361  0.001255  0.007326   0.01499    -25.98    -964.5-2.22e+161-2.22e+161
    +-            0.00045   0.00063   0.00062   0.00077    0.0027    0.0094        22   8.2e+02       inf       inf

m12 20-30
  LO                50.71     50.71     50.71     50.71     50.71     50.71     50.71     50.71     50.71     50.71
    +-             0.0063    0.0063    0.0063    0.0063    0.0063    0.0063    0.0063    0.0063    0.0063    0.0063
  NNLOJET       50.711 +- 0.00045   pulls -0.1 -0.1 -0.1 -0.1 -0.1 -0.1 -0.1 -0.1 -0.1 -0.1
  NLO               1.859     1.335         1    0.7374    0.6218    0.5453    0.4986    0.4264     0.381    0.4544
    +-              0.025      0.03     0.036     0.045      0.05     0.058     0.066     0.069     0.077     0.089
  NNLOJET       0.54101 +- 0.0046   pulls +51.3 +25.9 +12.6 +4.3 +1.6 +0.1 -0.6 -1.6 -2.1 -1.0
  NNLO              5.589      6.01     7.375     12.16     16.86     25.52     34.74     42.46     57.92      -inf
    +-               0.36       0.4      0.42      0.54      0.76       1.5       1.7       2.2         4       nan
  NNLOJET       8.3483 +- 0.89   pulls -2.9 -2.4 -1.0 +3.7 +7.3 +9.9 +13.5 +14.2 +12.1 +nan
  NNLO(no corr)     5.593      6.01      7.37     12.18     16.96     24.46     33.88        42     54.74      -inf
    +-               0.36       0.4      0.42      0.54      0.74         1       1.6       2.2       3.9       nan
  rcorr         -0.004127-0.0002882  0.004705  -0.01464  -0.09791     1.058    0.8536    0.4635     3.177-1.509e+160
    +-              0.013     0.015     0.016     0.019      0.14       1.1       0.6      0.18      0.75       inf

m12 30-45
  LO                35.54     35.54     35.54     35.54     35.54     35.54     35.54     35.54     35.54     35.54
    +-             0.0049    0.0049    0.0049    0.0049    0.0049    0.0049    0.0049    0.0049    0.0049    0.0049
  NNLOJET       35.545 +- 0.0003   pulls -0.2 -0.2 -0.2 -0.2 -0.2 -0.2 -0.2 -0.2 -0.2 -0.2
  NLO               7.183     7.133     7.012     6.923     6.886     6.836      6.82     6.808     6.814     6.768
    +-              0.018     0.022     0.025      0.03     0.033     0.037     0.041     0.044     0.049     0.057
  NNLOJET       6.7881 +- 0.0031   pulls +21.2 +15.6 +9.0 +4.5 +2.9 +1.3 +0.8 +0.5 +0.5 -0.4
  NNLO              4.198     4.368      4.63     6.619     9.315     12.21      16.8      21.8-1.443e+04-1.405e+144
    +-               0.18      0.22      0.29      0.36      0.48      0.69       1.1       1.6   1.4e+04  1.4e+144
  NNLOJET       2.9449 +- 0.77   pulls +1.6 +1.8 +2.0 +4.3 +7.0 +8.9 +10.4 +10.8 -1.0 -1.0
  NNLO(no corr)     4.208     4.382     4.642     6.635     9.262     12.33     16.72      21.2     25.19     23.89
    +-               0.18      0.21      0.29      0.36      0.47      0.68       1.1       1.5       2.7       4.3
  rcorr          -0.00995  -0.01424  -0.01222  -0.01598    0.0525   -0.1239   0.07155    0.5997-1.445e+04-1.405e+144
    +-              0.011     0.011     0.012     0.013     0.049      0.13     0.054      0.29   1.4e+04  1.4e+144

m12 45-65
  LO                13.11     13.11     13.11     13.11     13.11     13.11     13.11     13.11     13.11     13.11
    +-             0.0026    0.0026    0.0026    0.0026    0.0026    0.0026    0.0026    0.0026    0.0026    0.0026
  NNLOJET       13.108 +- 0.00016   pulls +0.1 +0.1 +0.1 +0.1 +0.1 +0.1 +0.1 +0.1 +0.1 +0.1
  NLO               3.029     3.066     3.071     3.055     3.047     3.035     3.016     3.016     3.031     3.045
    +-               0.01     0.011     0.012     0.014     0.015     0.016     0.019     0.021     0.026     0.032
  NNLOJET       3.0169 +- 0.0017   pulls +1.2 +4.5 +4.3 +2.7 +2.0 +1.1 -0.1 -0.0 +0.5 +0.9
  NNLO             0.9197     1.133     1.324     1.769     2.541     3.089     4.381     5.908 6.122e+05      -inf
    +-              0.092      0.12      0.13      0.16      0.22      0.29      0.44      0.67   6.1e+05       nan
  NNLOJET       -0.18548 +- 0.38   pulls +2.9 +3.3 +3.8 +4.8 +6.3 +6.9 +7.9 +7.9 +1.0 +nan
  NNLO(no corr)    0.9068     1.117      1.31     1.766     2.523     3.118      4.31     5.435     6.106      -inf
    +-              0.091      0.12      0.13      0.16      0.22      0.29      0.44      0.59         1       nan
  rcorr            0.0129   0.01613   0.01429  0.002775   0.01775  -0.02822   0.07125    0.4733 6.122e+05-5.164e+151
    +-               0.01     0.011     0.011     0.016     0.021     0.021     0.036      0.31   6.1e+05       inf

m12 65-120
  LO                3.816     3.816     3.816     3.816     3.816     3.816     3.816     3.816     3.816     3.816
    +-             0.0011    0.0011    0.0011    0.0011    0.0011    0.0011    0.0011    0.0011    0.0011    0.0011
  NNLOJET       3.8168 +- 6.3e-05   pulls -0.3 -0.3 -0.3 -0.3 -0.3 -0.3 -0.3 -0.3 -0.3 -0.3
  NLO              0.2747    0.2855    0.2821    0.2754    0.2713    0.2658    0.2603    0.2608    0.2617    0.2523
    +-              0.004    0.0047    0.0051    0.0066    0.0069    0.0074    0.0082     0.009      0.01     0.013
  NNLOJET       0.26951 +- 0.0006   pulls +1.3 +3.4 +2.4 +0.9 +0.3 -0.5 -1.1 -1.0 -0.8 -1.4
  NNLO             0.2065    0.2366    0.3346    0.4821    0.5899    0.9074    -21.69    -928.2      -inf      -inf
    +-               0.04     0.045      0.04     0.059     0.086      0.11        21   8.2e+02       nan       nan
  NNLOJET       -0.0015498 +- 0.043   pulls +3.6 +3.8 +5.7 +6.6 +6.2 +7.8 -1.0 -1.1 +nan +nan
  NNLO(no corr)    0.2063    0.2358    0.3347    0.4815    0.5828    0.8976     1.293     1.684      -inf      -inf
    +-               0.04     0.045      0.04     0.059     0.085      0.11      0.16      0.22       nan       nan
  rcorr         0.0002335 0.0007607-9.866e-05 0.0005692  0.007096  0.009833    -22.99    -929.9-2.22e+161-2.22e+161
    +-            0.00065   0.00078   0.00069   0.00094    0.0027    0.0097        21   8.2e+02       inf       inf
