b0         8 seeds; max |mean - trimmed|/err = 0.73
b1       168 seeds; max |mean - trimmed|/err = 0.13
lo       200 seeds; max |mean - trimmed|/err = 0.16
b2        92 seeds; max |mean - trimmed|/err = 0.18
vi       250 seeds; max |mean - trimmed|/err = 0.99
kp       200 seeds; max |mean - trimmed|/err = 0.48
r      DIAGNOSTIC: 52 of 3500 seeds left out (non-finite or |iteration| > 179000)
r       3448 seeds; max |mean - trimmed|/err = 2.18
rcorr  DIAGNOSTIC: 96 of 400 seeds left out (non-finite or |iteration| > 1990)
rcorr    304 seeds; max |mean - trimmed|/err = 1.46
tau_cut             2e-02     1e-02     5e-03     2e-03     1e-03     5e-04     2e-04     1e-04     3e-05     1e-05

total 0-0
  LO                103.3     103.3     103.3     103.3     103.3     103.3     103.3     103.3     103.3     103.3
    +-             0.0046    0.0046    0.0046    0.0046    0.0046    0.0046    0.0046    0.0046    0.0046    0.0046
  NNLOJET       103.28 +- 0.00053   pulls -0.4 -0.4 -0.4 -0.4 -0.4 -0.4 -0.4 -0.4 -0.4 -0.4
  NLO               12.31     11.78     11.33     10.95     10.79     10.64     10.55     10.47     10.44     10.47
    +-              0.031     0.036     0.043     0.055     0.061     0.068     0.077     0.083      0.09       0.1
  NNLOJET       10.58 +- 0.0048   pulls +55.5 +32.7 +17.1 +6.8 +3.3 +0.9 -0.4 -1.4 -1.6 -1.1
  NNLO              12.63     12.43     11.78     12.33      12.6     16.89     17.36     28.95        17    0.7914
    +-                1.3       1.1       1.2         1       1.5       3.2       4.8       8.9        12        21
  NNLOJET       11.12 +- 1.2   pulls +0.9 +0.8 +0.4 +0.8 +0.8 +1.7 +1.3 +2.0 +0.5 -0.5
  NNLO(no corr)     12.62     12.42     11.76     12.36     12.61     17.06     15.56     26.63     6.843    -35.27
    +-                1.3       1.1       1.2         1       1.5       3.2       4.7       8.9        12        21
  rcorr          0.006101  0.009975   0.01718  -0.02676  -0.01461   -0.1712     1.805     2.315     10.16     36.06
    +-              0.018     0.021     0.023     0.033      0.19      0.19      0.85      0.52       1.6       2.4

q2 125-250
  LO                43.18     43.18     43.18     43.18     43.18     43.18     43.18     43.18     43.18     43.18
    +-             0.0061    0.0061    0.0061    0.0061    0.0061    0.0061    0.0061    0.0061    0.0061    0.0061
  NNLOJET       43.189 +- 0.00034   pulls -1.5 -1.5 -1.5 -1.5 -1.5 -1.5 -1.5 -1.5 -1.5 -1.5
  NLO               7.813     7.812     7.737     7.655     7.612      7.58     7.538     7.528     7.529     7.504
    +-              0.022     0.027     0.033     0.043     0.048     0.051     0.056     0.063     0.071     0.081
  NNLOJET       7.5242 +- 0.0033   pulls +13.1 +10.6 +6.4 +3.1 +1.8 +1.1 +0.3 +0.1 +0.1 -0.3
  NNLO              8.308     8.231     8.054     7.736     8.228     11.14     7.975     19.51     13.22    -1.986
    +-                1.2       1.1       1.1      0.82      0.85       2.9       4.3       8.6        11        20
  NNLOJET       6.9167 +- 1   pulls +0.9 +0.9 +0.8 +0.6 +1.0 +1.4 +0.2 +1.5 +0.6 -0.4
  NNLO(no corr)     8.317     8.233     8.056      7.78     8.194     11.29     7.748     18.03     5.771    -22.71
    +-                1.2       1.1       1.1      0.82      0.85       2.8       4.3       8.5        11        20
  rcorr         -0.008282 -0.002136 -0.001468  -0.04406   0.03462   -0.1423    0.2276     1.473     7.454     20.72
    +-              0.011      0.01     0.012     0.025     0.048      0.19      0.13      0.28         1       1.7

q2 250-500
  LO                29.07     29.07     29.07     29.07     29.07     29.07     29.07     29.07     29.07     29.07
    +-              0.004     0.004     0.004     0.004     0.004     0.004     0.004     0.004     0.004     0.004
  NNLOJET       29.068 +- 0.00026   pulls +0.3 +0.3 +0.3 +0.3 +0.3 +0.3 +0.3 +0.3 +0.3 +0.3
  NLO               2.749     2.594     2.478     2.393     2.354     2.325     2.305     2.273     2.253     2.281
    +-              0.016      0.02     0.022     0.027      0.03     0.035     0.037     0.042     0.047     0.055
  NNLOJET       2.3067 +- 0.0023   pulls +27.6 +14.4 +7.8 +3.2 +1.5 +0.5 -0.0 -0.8 -1.1 -0.5
  NNLO              2.983     2.803     2.927     3.609     4.127     4.768     6.008      5.17     1.431      -6.2
    +-                0.2      0.26      0.31      0.36       0.6      0.73       1.3       1.2       2.7       6.9
  NNLOJET       3.0541 +- 0.57   pulls -0.1 -0.4 -0.2 +0.8 +1.3 +1.8 +2.0 +1.6 -0.6 -1.3
  NNLO(no corr)      2.97     2.793     2.909     3.602     4.236      4.79      4.62     4.862    0.2438     -15.4
    +-                0.2      0.26      0.31      0.36      0.57      0.73       1.1       1.2       2.4       6.8
  rcorr           0.01336    0.0104   0.01717  0.007194   -0.1091  -0.02166     1.388    0.3079     1.187     9.195
    +-             0.0083    0.0081    0.0092     0.011      0.18     0.034      0.81       0.3       1.2       1.4

q2 500-1000
  LO                17.04     17.04     17.04     17.04     17.04     17.04     17.04     17.04     17.04     17.04
    +-             0.0028    0.0028    0.0028    0.0028    0.0028    0.0028    0.0028    0.0028    0.0028    0.0028
  NNLOJET       17.042 +- 0.00022   pulls +0.2 +0.2 +0.2 +0.2 +0.2 +0.2 +0.2 +0.2 +0.2 +0.2
  NLO              0.8425    0.7017    0.5943    0.4903    0.4528     0.408    0.4072    0.3902     0.389    0.3984
    +-               0.01     0.013     0.016      0.02     0.022     0.024     0.029     0.033     0.037     0.044
  NNLOJET       0.43746 +- 0.0016   pulls +39.6 +20.9 +9.9 +2.7 +0.7 -1.2 -1.1 -1.4 -1.3 -0.9
  NNLO              1.041     1.083    0.5227    0.5875    0.1458    0.3451     2.839     2.621    0.6019     7.969
    +-               0.16      0.21      0.43      0.46      0.96         1       1.3       1.9       1.8       6.1
  NNLOJET       0.85812 +- 0.32   pulls +0.5 +0.6 -0.6 -0.5 -0.7 -0.5 +1.5 +0.9 -0.1 +1.2
  NNLO(no corr)     1.043     1.085    0.5238    0.5805   0.09145     0.338     2.651     2.146   -0.6168     3.347
    +-               0.16      0.21      0.43      0.46      0.96         1       1.3       1.9       1.8       6.1
  rcorr         -0.001803 -0.001587 -0.001123  0.007075   0.05438  0.007143    0.1883    0.4745     1.219     4.622
    +-             0.0016    0.0017    0.0017    0.0071     0.054     0.016      0.13      0.27      0.16      0.35

q2 1000-2000
  LO                8.522     8.522     8.522     8.522     8.522     8.522     8.522     8.522     8.522     8.522
    +-             0.0022    0.0022    0.0022    0.0022    0.0022    0.0022    0.0022    0.0022    0.0022    0.0022
  NNLOJET       8.5191 +- 0.00018   pulls +1.2 +1.2 +1.2 +1.2 +1.2 +1.2 +1.2 +1.2 +1.2 +1.2
  NLO               0.393    0.2783    0.1995    0.1459    0.1163    0.0832   0.06921   0.05934   0.07025   0.08673
    +-             0.0058    0.0076      0.01     0.013     0.015     0.018      0.02     0.022     0.026     0.031
  NNLOJET       0.097476 +- 0.0013   pulls +49.6 +23.4 +9.8 +3.7 +1.2 -0.8 -1.4 -1.7 -1.1 -0.3
  NNLO             0.2545    0.2644   0.08585     0.291    0.1982    0.5114    0.3683     1.177     1.207    0.7173
    +-              0.062      0.07     0.092      0.15      0.19      0.25      0.38      0.48      0.54       0.8
  NNLOJET       0.31993 +- 0.14   pulls -0.4 -0.4 -1.4 -0.1 -0.5 +0.7 +0.1 +1.7 +1.6 +0.5
  NNLO(no corr)    0.2517    0.2611   0.08323    0.2879    0.1926    0.5248    0.3669     1.167    0.9608   -0.2815
    +-               0.06     0.068     0.091      0.15      0.19      0.24      0.38      0.48      0.53      0.75
  rcorr          0.002825  0.003291   0.00262   0.00307  0.005539  -0.01342  0.001465   0.01082    0.2464    0.9988
    +-              0.016     0.016     0.016     0.016     0.016     0.021     0.022     0.033      0.09       0.3

q2 2000-5000
  LO                4.322     4.322     4.322     4.322     4.322     4.322     4.322     4.322     4.322     4.322
    +-             0.0018    0.0018    0.0018    0.0018    0.0018    0.0018    0.0018    0.0018    0.0018    0.0018
  NNLOJET       4.3201 +- 0.00016   pulls +0.9 +0.9 +0.9 +0.9 +0.9 +0.9 +0.9 +0.9 +0.9 +0.9
  NLO              0.3258     0.245    0.1884    0.1545    0.1433    0.1406    0.1305    0.1173    0.1064    0.1129
    +-             0.0043    0.0051    0.0067    0.0092      0.01     0.012     0.014     0.015     0.019     0.023
  NNLOJET       0.11692 +- 0.0011   pulls +47.4 +24.4 +10.5 +4.1 +2.5 +2.0 +1.0 +0.0 -0.6 -0.2
  NNLO            0.02372   0.04243   0.06285    0.1534   0.08335    0.2438    0.2759    0.5149    0.4998    0.4734
    +-              0.033     0.035     0.079     0.076       0.1      0.15      0.21      0.25      0.36       0.5
  NNLOJET       0.004896 +- 0.11   pulls +0.2 +0.3 +0.4 +1.1 +0.5 +1.3 +1.1 +1.9 +1.3 +0.9
  NNLO(no corr)   0.02372   0.04244   0.06288    0.1534   0.08338    0.2449    0.2762     0.467    0.4552  -0.01975
    +-              0.033     0.035     0.079     0.076       0.1      0.15      0.21      0.24      0.36       0.5
  rcorr        -3.697e-06-7.094e-06-2.517e-05-3.221e-05-2.705e-05 -0.001117-0.0002664   0.04792   0.04461    0.4932
    +-            1.9e-05   3.9e-05   5.7e-05   0.00014   0.00037   0.00055    0.0033     0.042     0.023     0.096

q2 5000-20000
  LO                1.144     1.144     1.144     1.144     1.144     1.144     1.144     1.144     1.144     1.144
    +-              0.001     0.001     0.001     0.001     0.001     0.001     0.001     0.001     0.001     0.001
  NNLOJET       1.1428 +- 0.00013   pulls +1.0 +1.0 +1.0 +1.0 +1.0 +1.0 +1.0 +1.0 +1.0 +1.0
  NLO              0.1875    0.1516    0.1303    0.1119    0.1077    0.1021    0.1005   0.09774   0.09102    0.0853
    +-             0.0023    0.0025    0.0033    0.0046    0.0051    0.0057    0.0073    0.0087      0.01     0.012
  NNLOJET       0.097001 +- 0.0008   pulls +37.7 +20.9 +9.9 +3.2 +2.1 +0.9 +0.5 +0.1 -0.6 -1.0
  NNLO            0.01876  0.004966    0.1253   -0.0433   -0.1848   -0.1253   -0.1041  -0.04308   0.03958   -0.1818
    +-             0.0092     0.012      0.13     0.046      0.15      0.15      0.15      0.16      0.17      0.19
  NNLOJET       -0.033775 +- 0.038   pulls +1.3 +1.0 +1.1 -0.2 -1.0 -0.6 -0.4 -0.1 +0.4 -0.7
  NNLO(no corr)   0.01876  0.004955    0.1253   -0.0433   -0.1848   -0.1254   -0.1037  -0.04382   0.02975   -0.2103
    +-             0.0092     0.012      0.13     0.046      0.15      0.15      0.15      0.16      0.17      0.19
  rcorr         1.437e-06 1.089e-05 2.478e-06-3.949e-06-5.289e-05 0.0001251 -0.000353 0.0007313  0.009827   0.02848
    +-              2e-06   1.1e-05   1.5e-05   1.9e-05   6.4e-05   0.00021   0.00076    0.0013    0.0032    0.0072

ptavg 8-15
  LO                73.95     73.95     73.95     73.95     73.95     73.95     73.95     73.95     73.95     73.95
    +-             0.0052    0.0052    0.0052    0.0052    0.0052    0.0052    0.0052    0.0052    0.0052    0.0052
  NNLOJET       73.954 +- 0.00052   pulls -1.5 -1.5 -1.5 -1.5 -1.5 -1.5 -1.5 -1.5 -1.5 -1.5
  NLO               6.163     5.708     5.332     5.025     4.883     4.763     4.704     4.621     4.564     4.601
    +-              0.029     0.035     0.041     0.052     0.059     0.067     0.075     0.081     0.092       0.1
  NNLOJET       4.7453 +- 0.005   pulls +47.7 +27.3 +14.2 +5.4 +2.3 +0.3 -0.5 -1.5 -2.0 -1.4
  NNLO              9.798     9.614     8.904     8.608     8.558     9.826     14.62     13.77     14.04      12.3
    +-                1.3       1.1       1.1      0.91       1.4       1.5       2.4       2.8       3.4        10
  NNLOJET       9.5546 +- 1.1   pulls +0.1 +0.0 -0.4 -0.7 -0.6 +0.1 +1.9 +1.4 +1.3 +0.3
  NNLO(no corr)       9.8      9.61      8.89     8.634     8.667     10.01     13.27     12.77     7.703    -12.62
    +-                1.3       1.1       1.1      0.91       1.3       1.5       2.3       2.8       3.2       9.9
  rcorr         -0.001796  0.003587   0.01406  -0.02546   -0.1084   -0.1798     1.352     1.001      6.34     24.92
    +-              0.018     0.021     0.022     0.031      0.18      0.19       0.8      0.45       1.1       1.9

ptavg 15-22
  LO                20.51     20.51     20.51     20.51     20.51     20.51     20.51     20.51     20.51     20.51
    +-             0.0026    0.0026    0.0026    0.0026    0.0026    0.0026    0.0026    0.0026    0.0026    0.0026
  NNLOJET       20.502 +- 0.00017   pulls +2.1 +2.1 +2.1 +2.1 +2.1 +2.1 +2.1 +2.1 +2.1 +2.1
  NLO               5.293     5.238     5.187     5.141      5.12     5.106     5.094     5.094     5.119      5.13
    +-              0.011     0.013     0.013     0.016     0.018     0.019     0.021     0.024     0.028     0.034
  NNLOJET       5.0696 +- 0.0015   pulls +20.9 +13.0 +8.8 +4.5 +2.8 +1.9 +1.1 +1.0 +1.8 +1.8
  NNLO              0.525    0.4348    0.3574    0.9145      1.21     1.409   0.02626       1.1    -0.673    -5.592
    +-                0.1      0.21      0.43      0.46      0.48       0.5       1.3       1.3       1.6       2.8
  NNLOJET       0.011899 +- 0.23   pulls +2.0 +1.4 +0.7 +1.7 +2.3 +2.6 +0.0 +0.8 -0.4 -2.0
  NNLO(no corr)    0.5155    0.4293    0.3513    0.9136     1.143     1.387   -0.0544    0.5965    -3.561    -14.19
    +-                0.1      0.21      0.43      0.46      0.48       0.5       1.3       1.3       1.5       2.7
  rcorr          0.009545  0.005541  0.006142 0.0008857   0.06707   0.02245   0.08066    0.5036     2.888     8.599
    +-             0.0062     0.006    0.0092    0.0096     0.056     0.019     0.052     0.089      0.37      0.45

ptavg 22-30
  LO                6.119     6.119     6.119     6.119     6.119     6.119     6.119     6.119     6.119     6.119
    +-             0.0015    0.0015    0.0015    0.0015    0.0015    0.0015    0.0015    0.0015    0.0015    0.0015
  NNLOJET       6.1183 +- 7.6e-05   pulls +0.2 +0.2 +0.2 +0.2 +0.2 +0.2 +0.2 +0.2 +0.2 +0.2
  NLO              0.9839    0.9733    0.9541    0.9357    0.9368     0.928    0.9126    0.9121    0.9185    0.9074
    +-             0.0048    0.0054    0.0063    0.0077    0.0084    0.0098     0.011     0.012     0.014     0.016
  NNLOJET       0.92342 +- 0.00064   pulls +12.4 +9.2 +4.8 +1.6 +1.6 +0.5 -1.0 -0.9 -0.3 -1.0
  NNLO          -0.009266   0.01678   0.08053    0.2277    0.1825    0.3249    0.4811    0.9739   0.02513    -3.565
    +-              0.038     0.051     0.057     0.092      0.11      0.15      0.18      0.32      0.34       2.2
  NNLOJET       -0.55296 +- 0.35   pulls +1.6 +1.6 +1.8 +2.2 +2.0 +2.3 +2.6 +3.2 +1.2 -1.3
  NNLO(no corr) -0.006997   0.01742   0.08387    0.2321    0.1658    0.3588    0.4296    0.4207    -1.077    -6.204
    +-              0.038     0.051     0.057     0.092      0.11      0.15      0.18      0.23      0.31       2.2
  rcorr         -0.002269-0.0006481 -0.003339 -0.004373   0.01674  -0.03391   0.05155    0.5532     1.102      2.64
    +-             0.0012     0.002    0.0014    0.0021     0.018     0.014     0.027      0.22      0.15      0.22

ptavg 30-60
  LO                2.657     2.657     2.657     2.657     2.657     2.657     2.657     2.657     2.657     2.657
    +-            0.00055   0.00055   0.00055   0.00055   0.00055   0.00055   0.00055   0.00055   0.00055   0.00055
  NNLOJET       2.6571 +- 3.7e-05   pulls +0.4 +0.4 +0.4 +0.4 +0.4 +0.4 +0.4 +0.4 +0.4 +0.4
  NLO             -0.1012   -0.1087   -0.1175   -0.1217   -0.1265   -0.1295   -0.1308   -0.1322   -0.1331    -0.141
    +-             0.0023    0.0028    0.0032     0.004    0.0043    0.0047    0.0055    0.0062    0.0076    0.0092
  NNLOJET       -0.13036 +- 0.00026   pulls +12.4 +7.6 +4.0 +2.2 +0.9 +0.2 -0.1 -0.3 -0.4 -1.2
  NNLO           -0.04346   0.00147   0.07198    0.2127    0.2727    0.3069     0.615     4.897    0.9682     5.113
    +-              0.018     0.022     0.027     0.047     0.059     0.075      0.26       4.4       5.2        11
  NNLOJET       -0.17588 +- 0.044   pulls +2.8 +3.6 +4.8 +6.0 +6.1 +5.5 +3.0 +1.1 +0.2 +0.5
  NNLO(no corr)  -0.04407-1.089e-05   0.07169    0.2105    0.2635    0.2872    0.2938     4.681    0.1355     4.179
    +-              0.018     0.022     0.027     0.047     0.059     0.074     0.079       4.4       5.2        11
  rcorr         0.0006112  0.001481 0.0002953  0.002134  0.009257    0.0197    0.3212    0.2163    0.8327    0.9344
    +-            0.00059   0.00083   0.00082   0.00083    0.0033     0.012      0.25     0.027     0.059      0.13

m12 20-30
  LO                50.71     50.71     50.71     50.71     50.71     50.71     50.71     50.71     50.71     50.71
    +-             0.0063    0.0063    0.0063    0.0063    0.0063    0.0063    0.0063    0.0063    0.0063    0.0063
  NNLOJET       50.711 +- 0.00045   pulls -0.1 -0.1 -0.1 -0.1 -0.1 -0.1 -0.1 -0.1 -0.1 -0.1
  NLO               1.858     1.333    0.9967    0.7321     0.615    0.5368    0.4876    0.4133    0.3638    0.4331
    +-              0.025      0.03     0.036     0.046      0.05     0.059     0.066      0.07     0.078      0.09
  NNLOJET       0.54101 +- 0.0046   pulls +51.2 +25.8 +12.5 +4.2 +1.5 -0.1 -0.8 -1.8 -2.3 -1.2
  NNLO              7.274     7.479     7.135     6.415      6.13     7.672     12.16     10.21     9.696     5.567
    +-                1.2       1.1       1.1       0.8       1.3       1.4       2.2       2.6       3.1       7.6
  NNLOJET       8.3483 +- 0.89   pulls -0.7 -0.6 -0.9 -1.6 -1.4 -0.4 +1.6 +0.7 +0.4 -0.4
  NNLO(no corr)     7.279     7.479     7.127     6.433     6.258     7.681     10.91     9.657     5.633    -10.84
    +-                1.2       1.1       1.1       0.8       1.2       1.4         2       2.6       2.9       7.4
  rcorr         -0.004575 0.0005159  0.007466  -0.01769   -0.1282 -0.008944     1.242    0.5574     4.063     16.41
    +-              0.017      0.02     0.021     0.025      0.18     0.073      0.78      0.23      0.97       1.8

m12 30-45
  LO                35.54     35.54     35.54     35.54     35.54     35.54     35.54     35.54     35.54     35.54
    +-             0.0049    0.0049    0.0049    0.0049    0.0049    0.0049    0.0049    0.0049    0.0049    0.0049
  NNLOJET       35.545 +- 0.0003   pulls -0.2 -0.2 -0.2 -0.2 -0.2 -0.2 -0.2 -0.2 -0.2 -0.2
  NLO               7.185     7.135     7.015     6.927     6.891     6.842     6.828     6.817     6.826     6.782
    +-              0.018     0.022     0.025      0.03     0.034     0.037     0.041     0.044      0.05     0.058
  NNLOJET       6.7881 +- 0.0031   pulls +21.3 +15.6 +9.1 +4.6 +3.0 +1.5 +1.0 +0.6 +0.8 -0.1
  NNLO               4.31     3.857     3.606     4.651     5.013      5.21     4.117     6.314     5.172      1.44
    +-               0.27      0.34      0.54      0.66       0.7      0.73       1.4       1.6       1.8       2.7
  NNLOJET       2.9449 +- 0.77   pulls +1.7 +1.1 +0.7 +1.7 +2.0 +2.1 +0.7 +1.9 +1.1 -0.5
  NNLO(no corr)     4.316     3.868     3.614     4.666     4.933     5.341     3.976     5.569     1.115     -12.8
    +-               0.27      0.34      0.54      0.65       0.7      0.71       1.4       1.6       1.7       2.6
  rcorr         -0.005703  -0.01115 -0.008024  -0.01425   0.08069   -0.1301    0.1411    0.7453     4.057     14.24
    +-              0.014     0.014     0.016     0.017     0.064      0.17     0.066      0.38      0.52      0.74

m12 45-65
  LO                13.11     13.11     13.11     13.11     13.11     13.11     13.11     13.11     13.11     13.11
    +-             0.0026    0.0026    0.0026    0.0026    0.0026    0.0026    0.0026    0.0026    0.0026    0.0026
  NNLOJET       13.108 +- 0.00016   pulls +0.1 +0.1 +0.1 +0.1 +0.1 +0.1 +0.1 +0.1 +0.1 +0.1
  NLO               3.028     3.065     3.069     3.052     3.043      3.03      3.01      3.01     3.022     3.035
    +-               0.01     0.011     0.012     0.014     0.015     0.016     0.019     0.021     0.027     0.032
  NNLOJET       3.0169 +- 0.0017   pulls +1.1 +4.4 +4.1 +2.5 +1.7 +0.8 -0.4 -0.3 +0.2 +0.5
  NNLO             0.8724    0.8976    0.7735    0.8897     1.036    0.8729     0.947     1.117    0.6134     -1.17
    +-                0.2      0.23      0.25      0.29      0.31      0.48      0.61      0.68      0.73       6.6
  NNLOJET       -0.18548 +- 0.38   pulls +2.5 +2.5 +2.1 +2.3 +2.5 +1.7 +1.6 +1.7 +1.0 -0.1
  NNLO(no corr)    0.8562    0.8778    0.7555    0.8859     1.012    0.9193    0.8349    0.4339    -1.331    -6.146
    +-                0.2      0.23      0.25      0.28      0.31      0.48      0.61      0.65      0.71       6.6
  rcorr           0.01624   0.01979   0.01802  0.003771   0.02346  -0.04634    0.1121    0.6831     1.945     4.975
    +-              0.014     0.014     0.014     0.021     0.027     0.029     0.044      0.22      0.17       0.3

m12 65-120
  LO                3.816     3.816     3.816     3.816     3.816     3.816     3.816     3.816     3.816     3.816
    +-             0.0011    0.0011    0.0011    0.0011    0.0011    0.0011    0.0011    0.0011    0.0011    0.0011
  NNLOJET       3.8168 +- 6.3e-05   pulls -0.3 -0.3 -0.3 -0.3 -0.3 -0.3 -0.3 -0.3 -0.3 -0.3
  NLO               0.275    0.2859    0.2826    0.2761    0.2722    0.2669    0.2618    0.2624    0.2639     0.255
    +-              0.004    0.0047    0.0052    0.0066    0.0069    0.0075    0.0084    0.0092     0.011     0.013
  NNLOJET       0.26951 +- 0.0006   pulls +1.4 +3.4 +2.5 +1.0 +0.4 -0.3 -0.9 -0.8 -0.5 -1.1
  NNLO             0.1607    0.1784    0.2425    0.3467    0.3873    0.4485      0.86     5.433     3.776     7.508
    +-              0.033     0.036     0.044     0.064     0.069      0.09      0.28       4.4       4.5       8.9
  NNLOJET       -0.0015498 +- 0.043   pulls +3.0 +3.2 +4.0 +4.5 +4.8 +4.5 +3.0 +1.2 +0.8 +0.8
  NNLO(no corr)    0.1605    0.1775    0.2428    0.3453    0.3785    0.4353    0.5509     5.155     2.703     6.034
    +-              0.033     0.036     0.044     0.064     0.069     0.089      0.14       4.4       4.5       8.9
  rcorr         0.0001793 0.0008481-0.0002508  0.001391  0.008751   0.01321    0.3091    0.2781     1.073     1.474
    +-            0.00085     0.001   0.00091    0.0011    0.0033     0.013      0.25     0.048     0.083      0.19
