b0         8 seeds; max |mean - trimmed|/err = 0.73
b1       168 seeds; max |mean - trimmed|/err = 0.13
lo       200 seeds; max |mean - trimmed|/err = 0.16
b2        92 seeds; max |mean - trimmed|/err = 0.18
vi       250 seeds; max |mean - trimmed|/err = 0.99
kp       200 seeds; max |mean - trimmed|/err = 0.48
r       3500 seeds; max |mean - trimmed|/err = 2.23
rcorr    400 seeds; max |mean - trimmed|/err = 1.53
tau_cut             2e-02     1e-02     5e-03     2e-03     1e-03     5e-04     2e-04     1e-04     3e-05     1e-05

total 0-0
  LO                103.3     103.3     103.3     103.3     103.3     103.3     103.3     103.3     103.3     103.3
    +-             0.0044    0.0044    0.0044    0.0044    0.0044    0.0044    0.0044    0.0044    0.0044    0.0044
  NNLOJET       103.28 +- 0.00053   pulls -0.3 -0.3 -0.3 -0.3 -0.3 -0.3 -0.3 -0.3 -0.3 -0.3
  NLO               12.31     11.78     11.33     10.95     10.79     10.64     10.55     10.47     10.43     10.46
    +-              0.029     0.034      0.04     0.051     0.058     0.065     0.074     0.078     0.086       0.1
  NNLOJET       10.58 +- 0.0048   pulls +59.0 +34.6 +18.6 +7.2 +3.5 +0.9 -0.5 -1.4 -1.7 -1.2
  NNLO              10.92     11.17     11.89     14.55        17     19.55     13.57     535.7  4.21e+04   4.6e+05
    +-               0.28      0.36      0.44      0.64      0.82         1       4.8     1e+03   4.7e+04   2.7e+05
  NNLOJET       11.12 +- 1.2   pulls -0.2 +0.0 +0.6 +2.5 +4.1 +5.3 +0.5 +0.5 +0.9 +1.7
  NNLO(no corr)     10.92     11.17     11.89     14.56     16.96     19.55     21.96     24.16     8.672    -29.28
    +-               0.28      0.36      0.44      0.64      0.82         1       1.3       1.7       2.1       3.9
  rcorr          0.001745 0.0003969  0.004483  -0.01863   0.04383 -0.006651    -8.387     511.6  4.21e+04   4.6e+05
    +-             0.0034    0.0039    0.0064     0.012      0.03     0.051       4.6     1e+03   4.7e+04   2.7e+05

q2 125-250
  LO                43.18     43.18     43.18     43.18     43.18     43.18     43.18     43.18     43.18     43.18
    +-             0.0058    0.0058    0.0058    0.0058    0.0058    0.0058    0.0058    0.0058    0.0058    0.0058
  NNLOJET       43.189 +- 0.00034   pulls -1.3 -1.3 -1.3 -1.3 -1.3 -1.3 -1.3 -1.3 -1.3 -1.3
  NLO               7.813     7.812     7.736     7.649     7.608     7.576     7.537     7.529      7.53       7.5
    +-              0.021     0.026     0.031     0.041     0.046     0.049     0.054      0.06     0.067     0.076
  NNLOJET       7.5242 +- 0.0033   pulls +13.7 +11.2 +6.7 +3.1 +1.8 +1.1 +0.2 +0.1 +0.1 -0.3
  NNLO              6.645     6.821     7.731     9.222      10.7     11.59     3.818     922.9      5303 3.455e+05
    +-                0.2      0.26      0.32      0.45      0.56      0.72       4.6   9.7e+02   2.9e+04   2.6e+05
  NNLOJET       6.9167 +- 1   pulls -0.3 -0.1 +0.8 +2.1 +3.3 +3.8 -0.7 +0.9 +0.2 +1.3
  NNLO(no corr)     6.646     6.821     7.733     9.243      10.7     11.55     13.18     13.47     4.331    -18.96
    +-                0.2      0.26      0.32      0.45      0.56      0.72       0.9       1.1       1.4       2.4
  rcorr         -0.001792-0.0001085 -0.001385   -0.0209 -0.002835    0.0376     -9.36     909.4      5299 3.455e+05
    +-             0.0022    0.0026    0.0039    0.0083     0.015     0.035       4.5   9.7e+02   2.9e+04   2.6e+05

q2 250-500
  LO                29.07     29.07     29.07     29.07     29.07     29.07     29.07     29.07     29.07     29.07
    +-              0.004     0.004     0.004     0.004     0.004     0.004     0.004     0.004     0.004     0.004
  NNLOJET       29.068 +- 0.00026   pulls +0.5 +0.5 +0.5 +0.5 +0.5 +0.5 +0.5 +0.5 +0.5 +0.5
  NLO               2.749     2.593     2.476     2.393     2.355     2.327     2.304     2.272     2.252     2.284
    +-              0.015     0.019     0.021     0.026     0.029     0.033     0.035     0.039     0.044     0.052
  NNLOJET       2.3067 +- 0.0023   pulls +29.1 +15.1 +8.2 +3.3 +1.7 +0.6 -0.1 -0.9 -1.3 -0.4
  NNLO              2.746      2.81     3.015     4.374     5.832     6.606     7.317   -0.2194    -546.7       192
    +-               0.13      0.17       0.2      0.27      0.36      0.44      0.58       4.8   3.6e+02   1.1e+03
  NNLOJET       3.0541 +- 0.57   pulls -0.5 -0.4 -0.1 +2.1 +4.1 +4.9 +5.2 -0.7 -1.5 +0.2
  NNLO(no corr)     2.745      2.81     3.012     4.373     5.812     6.613     7.233     8.666     7.361    -1.326
    +-               0.13      0.17       0.2      0.27      0.36      0.44      0.58       0.7      0.96       1.3
  rcorr          0.001192 0.0003634  0.003249  0.001265   0.01967 -0.006968   0.08359    -8.886    -554.1     193.3
    +-            0.00076   0.00086     0.002    0.0033    0.0087     0.012     0.057       4.8   3.6e+02   1.1e+03

q2 500-1000
  LO                17.04     17.04     17.04     17.04     17.04     17.04     17.04     17.04     17.04     17.04
    +-             0.0024    0.0024    0.0024    0.0024    0.0024    0.0024    0.0024    0.0024    0.0024    0.0024
  NNLOJET       17.042 +- 0.00022   pulls +0.3 +0.3 +0.3 +0.3 +0.3 +0.3 +0.3 +0.3 +0.3 +0.3
  NLO              0.8432    0.7026    0.5951    0.4925    0.4522    0.4077     0.406    0.3902    0.3883    0.3973
    +-             0.0096     0.012     0.015     0.019      0.02     0.023     0.028     0.031     0.035     0.042
  NNLOJET       0.43746 +- 0.0016   pulls +41.7 +22.3 +10.5 +2.9 +0.7 -1.3 -1.1 -1.5 -1.4 -1.0
  NNLO              0.845    0.9317    0.9386      1.38      2.02     2.698     3.411     4.675    -14.57     7.702
    +-               0.07     0.094      0.11      0.17      0.22      0.28      0.37      0.45       9.3        19
  NNLOJET       0.85812 +- 0.32   pulls -0.0 +0.2 +0.2 +1.4 +3.0 +4.3 +5.2 +6.9 -1.7 +0.4
  NNLO(no corr)    0.8449    0.9315    0.9382     1.379     2.021       2.7     3.393     4.502     4.283     2.306
    +-               0.07     0.094      0.11      0.17      0.22      0.28      0.37      0.45      0.61      0.81
  rcorr         6.479e-05 0.0001855    0.0004 0.0008094-0.0006357 -0.001899   0.01834    0.1729    -18.85     5.397
    +-            0.00032   0.00041   0.00046   0.00071    0.0013    0.0036      0.01     0.047       9.3        19

q2 1000-2000
  LO                8.521     8.521     8.521     8.521     8.521     8.521     8.521     8.521     8.521     8.521
    +-             0.0015    0.0015    0.0015    0.0015    0.0015    0.0015    0.0015    0.0015    0.0015    0.0015
  NNLOJET       8.5191 +- 0.00018   pulls +1.5 +1.5 +1.5 +1.5 +1.5 +1.5 +1.5 +1.5 +1.5 +1.5
  NLO               0.393    0.2782    0.1997    0.1459    0.1164   0.08389   0.06812   0.05855   0.06939   0.08595
    +-             0.0054    0.0073    0.0099     0.012     0.014     0.017     0.019     0.021     0.024     0.029
  NNLOJET       0.097476 +- 0.0013   pulls +53.4 +24.5 +10.2 +3.9 +1.3 -0.8 -1.5 -1.8 -1.2 -0.4
  NNLO             0.1535    0.1644   0.08323    0.4377    0.5136     1.194     1.527     2.338     2.926     5.052
    +-              0.034     0.046     0.057     0.081      0.12      0.15      0.21      0.26      0.36       2.1
  NNLOJET       0.31993 +- 0.14   pulls -1.1 -1.0 -1.5 +0.7 +1.1 +4.2 +4.8 +6.9 +6.7 +2.3
  NNLO(no corr)    0.1534    0.1644   0.08342    0.4376    0.5135     1.205     1.528     2.337     2.604     1.973
    +-              0.034     0.046     0.057     0.081      0.12      0.15      0.21      0.26      0.35      0.46
  rcorr         2.176e-05 -3.89e-05 -0.000193 7.682e-05 6.338e-05  -0.01134 -0.001183  0.001091    0.3224     3.079
    +-              3e-05   7.4e-05   0.00012   0.00027   0.00061    0.0063    0.0045     0.012     0.092         2

q2 2000-5000
  LO                4.321     4.321     4.321     4.321     4.321     4.321     4.321     4.321     4.321     4.321
    +-            0.00079   0.00079   0.00079   0.00079   0.00079   0.00079   0.00079   0.00079   0.00079   0.00079
  NNLOJET       4.3201 +- 0.00016   pulls +0.6 +0.6 +0.6 +0.6 +0.6 +0.6 +0.6 +0.6 +0.6 +0.6
  NLO              0.3262    0.2449    0.1882    0.1546    0.1426    0.1411     0.131    0.1177     0.108    0.1144
    +-              0.004    0.0049    0.0063    0.0089    0.0099     0.011     0.013     0.014     0.018     0.022
  NNLOJET       0.11692 +- 0.0011   pulls +50.7 +25.6 +11.1 +4.2 +2.6 +2.2 +1.1 +0.1 -0.5 -0.1
  NNLO           0.007077  -0.02125  -0.09303   0.08402    0.2007    0.4091    0.7372     1.058     1.355     1.804
    +-              0.018     0.024     0.032     0.046     0.059     0.079      0.12      0.15      0.21       0.3
  NNLOJET       0.004896 +- 0.11   pulls +0.0 -0.2 -0.8 +0.6 +1.5 +2.9 +4.5 +5.6 +5.6 +5.7
  NNLO(no corr)  0.007072  -0.02124  -0.09299   0.08404    0.2008    0.4095    0.7376     1.057     1.321     1.431
    +-              0.018     0.024     0.032     0.046     0.059     0.079      0.12      0.15      0.21      0.28
  rcorr         4.442e-06-8.747e-06-3.554e-05-1.423e-05-5.147e-05-0.0003953-0.0004271 0.0008708   0.03328    0.3733
    +-              6e-06   1.3e-05   2.4e-05     6e-05   0.00011   0.00022   0.00073    0.0018    0.0083     0.097

q2 5000-20000
  LO                1.144     1.144     1.144     1.144     1.144     1.144     1.144     1.144     1.144     1.144
    +-            0.00093   0.00093   0.00093   0.00093   0.00093   0.00093   0.00093   0.00093   0.00093   0.00093
  NNLOJET       1.1428 +- 0.00013   pulls +1.0 +1.0 +1.0 +1.0 +1.0 +1.0 +1.0 +1.0 +1.0 +1.0
  NLO              0.1879    0.1518    0.1302    0.1116     0.108    0.1028    0.1007   0.09802   0.09052   0.08546
    +-             0.0021    0.0023    0.0031    0.0043    0.0047    0.0053    0.0068    0.0081    0.0095     0.011
  NNLOJET       0.097001 +- 0.0008   pulls +40.3 +22.1 +10.4 +3.3 +2.3 +1.1 +0.5 +0.1 -0.7 -1.0
  NNLO           0.009397  -0.01406  -0.04553  -0.04855  -0.04414   0.04057     0.141    0.2824    0.4404    0.3756
    +-             0.0056    0.0069    0.0086     0.013     0.018     0.023     0.035     0.045     0.069     0.097
  NNLOJET       -0.033775 +- 0.038   pulls +1.1 +0.5 -0.3 -0.4 -0.2 +1.7 +3.4 +5.3 +6.0 +3.9
  NNLO(no corr)  0.009395  -0.01406  -0.04554  -0.04855  -0.04412   0.04061    0.1411    0.2823    0.4351     0.352
    +-             0.0056    0.0069    0.0086     0.013     0.018     0.023     0.035     0.045     0.069     0.096
  rcorr         1.289e-06  2.55e-06  2.86e-06-2.334e-06-1.814e-05-3.471e-05-7.795e-05 0.0001345  0.005272   0.02363
    +-              7e-07   1.2e-06   2.1e-06   6.2e-06   1.2e-05   2.3e-05   0.00015   0.00021    0.0014    0.0035

ptavg 8-15
  LO                73.95     73.95     73.95     73.95     73.95     73.95     73.95     73.95     73.95     73.95
    +-             0.0047    0.0047    0.0047    0.0047    0.0047    0.0047    0.0047    0.0047    0.0047    0.0047
  NNLOJET       73.954 +- 0.00052   pulls -1.5 -1.5 -1.5 -1.5 -1.5 -1.5 -1.5 -1.5 -1.5 -1.5
  NLO               6.159      5.71     5.338     5.022     4.879     4.757     4.697     4.616     4.554     4.591
    +-              0.028     0.034     0.039     0.049     0.056     0.063     0.072     0.076     0.087     0.097
  NNLOJET       4.7453 +- 0.005   pulls +50.1 +28.5 +15.2 +5.6 +2.4 +0.2 -0.7 -1.7 -2.2 -1.6
  NNLO               8.04     8.077     8.423     10.42     12.71     14.58     17.86     20.95     21.88     14.45
    +-               0.27      0.33      0.41      0.57      0.74      0.96       1.2       1.5         2       3.4
  NNLOJET       9.5546 +- 1.1   pulls -1.3 -1.3 -0.9 +0.7 +2.3 +3.4 +5.0 +6.2 +5.3 +1.4
  NNLO(no corr)     8.042      8.08     8.419     10.44      12.7     14.58     17.64     20.34     16.89    -3.648
    +-               0.27      0.33      0.41      0.57      0.74      0.95       1.2       1.5         2       2.7
  rcorr         -0.002051 -0.002729  0.004626  -0.01649   0.01074 -0.001305    0.2214    0.6091     4.998     18.09
    +-             0.0038    0.0042     0.005      0.01     0.021     0.046     0.091      0.13      0.48         2

ptavg 15-22
  LO                20.51     20.51     20.51     20.51     20.51     20.51     20.51     20.51     20.51     20.51
    +-            0.00093   0.00093   0.00093   0.00093   0.00093   0.00093   0.00093   0.00093   0.00093   0.00093
  NNLOJET       20.502 +- 0.00017   pulls +7.8 +7.8 +7.8 +7.8 +7.8 +7.8 +7.8 +7.8 +7.8 +7.8
  NLO               5.293     5.238     5.186     5.141     5.119     5.106     5.093     5.094     5.119      5.13
    +-               0.01     0.012     0.013     0.015     0.017     0.018      0.02     0.023     0.027     0.033
  NNLOJET       5.0696 +- 0.0015   pulls +21.7 +13.8 +9.0 +4.7 +2.8 +2.0 +1.2 +1.0 +1.9 +1.8
  NNLO             0.5233    0.7318     1.029     1.763     2.319     2.767     3.092     4.087    -75.83    -534.9
    +-              0.073     0.091      0.12      0.17      0.22      0.27      0.35      0.42        37   3.2e+02
  NNLOJET       0.011899 +- 0.23   pulls +2.1 +2.9 +3.9 +6.1 +7.2 +7.9 +7.3 +8.6 -2.1 -1.7
  NNLO(no corr)    0.5219    0.7314     1.029     1.764     2.317     2.756     3.065     3.699    0.6289     -7.09
    +-              0.073     0.091      0.12      0.17      0.22      0.27      0.35      0.41      0.56      0.76
  rcorr          0.001391 0.0003566-2.468e-05 -0.001364  0.002734   0.01147   0.02713    0.3886    -76.46    -527.8
    +-             0.0011    0.0012    0.0021    0.0033    0.0066     0.011     0.022     0.049        37   3.2e+02

ptavg 22-30
  LO                6.118     6.118     6.118     6.118     6.118     6.118     6.118     6.118     6.118     6.118
    +-             0.0013    0.0013    0.0013    0.0013    0.0013    0.0013    0.0013    0.0013    0.0013    0.0013
  NNLOJET       6.1183 +- 7.6e-05   pulls +0.0 +0.0 +0.0 +0.0 +0.0 +0.0 +0.0 +0.0 +0.0 +0.0
  NLO              0.9838    0.9737    0.9544    0.9358    0.9366    0.9279    0.9128     0.912     0.918    0.9087
    +-             0.0046    0.0052     0.006    0.0074     0.008    0.0093     0.011     0.012     0.014     0.015
  NNLOJET       0.92342 +- 0.00064   pulls +13.0 +9.6 +5.1 +1.7 +1.6 +0.5 -1.0 -1.0 -0.4 -1.0
  NNLO           -0.04044   0.02736    0.1501    0.3531    0.4186    0.5341     0.696    0.9107    -173.4     -2590
    +-              0.025     0.032     0.042      0.06     0.078     0.097      0.13      0.16   2.3e+02   1.6e+03
  NNLOJET       -0.55296 +- 0.35   pulls +1.5 +1.7 +2.0 +2.6 +2.7 +3.0 +3.4 +3.9 -0.7 -1.6
  NNLO(no corr)  -0.04008   0.02751    0.1511    0.3552    0.4185    0.5456    0.6579    0.6784    -0.468    -2.374
    +-              0.025     0.032     0.042      0.06     0.078     0.097      0.13      0.15      0.21       0.3
  rcorr        -0.0003576 -0.000155  -0.00106 -0.002132 8.999e-05  -0.01148   0.03809    0.2323      -173     -2587
    +-            0.00023   0.00033   0.00051     0.001    0.0021    0.0045     0.011     0.046   2.3e+02   1.6e+03

ptavg 30-60
  LO                2.657     2.657     2.657     2.657     2.657     2.657     2.657     2.657     2.657     2.657
    +-            0.00045   0.00045   0.00045   0.00045   0.00045   0.00045   0.00045   0.00045   0.00045   0.00045
  NNLOJET       2.6571 +- 3.7e-05   pulls +0.1 +0.1 +0.1 +0.1 +0.1 +0.1 +0.1 +0.1 +0.1 +0.1
  NLO             -0.1012   -0.1087   -0.1172   -0.1216   -0.1266   -0.1297   -0.1309   -0.1323   -0.1332   -0.1411
    +-             0.0022    0.0026     0.003    0.0038    0.0041    0.0044    0.0052    0.0059    0.0071    0.0085
  NNLOJET       -0.13036 +- 0.00026   pulls +13.3 +8.2 +4.3 +2.3 +0.9 +0.2 -0.1 -0.3 -0.4 -1.3
  NNLO           -0.04611   0.02064    0.1285    0.2692    0.3533    0.4332    0.2942      -219       619 1.132e+05
    +-              0.011     0.014     0.019     0.028     0.035     0.046      0.15        98   7.7e+03   5.7e+04
  NNLOJET       -0.17588 +- 0.044   pulls +2.8 +4.2 +6.3 +8.5 +9.4 +9.5 +3.0 -2.2 +0.1 +2.0
  NNLO(no corr)  -0.04613   0.02041    0.1285    0.2683    0.3491     0.425    0.4671    0.4643   -0.3573    -1.507
    +-              0.011     0.014     0.019     0.028     0.035     0.046     0.058     0.072       0.1      0.18
  rcorr         1.311e-05 0.0002271 7.953e-05 0.0009466  0.004187   0.00823   -0.1729    -219.4     619.4 1.132e+05
    +-            5.1e-05   0.00012   0.00013   0.00037   0.00094    0.0019      0.14        98   7.7e+03   5.7e+04

m12 20-30
  LO                50.71     50.71     50.71     50.71     50.71     50.71     50.71     50.71     50.71     50.71
    +-             0.0057    0.0057    0.0057    0.0057    0.0057    0.0057    0.0057    0.0057    0.0057    0.0057
  NNLOJET       50.711 +- 0.00045   pulls -0.0 -0.0 -0.0 -0.0 -0.0 -0.0 -0.0 -0.0 -0.0 -0.0
  NLO               1.858     1.333    0.9966    0.7328    0.6176    0.5441    0.4952     0.418    0.3637    0.4318
    +-              0.024     0.029     0.035     0.043     0.047     0.055     0.062     0.065     0.073     0.084
  NNLOJET       0.54101 +- 0.0046   pulls +53.7 +26.8 +13.0 +4.4 +1.6 +0.1 -0.7 -1.9 -2.4 -1.3
  NNLO              5.596      5.83     6.672     8.151     10.07     11.69     14.04      16.2     17.66    -14.47
    +-               0.24      0.29      0.37       0.5      0.62      0.81         1       1.2       1.7        13
  NNLOJET       8.3483 +- 0.89   pulls -3.0 -2.7 -1.7 -0.2 +1.6 +2.8 +4.2 +5.2 +4.8 -1.7
  NNLO(no corr)     5.598     5.832      6.67     8.162     10.06      11.7     13.89     15.79     14.37     2.315
    +-               0.24      0.29      0.37       0.5      0.62       0.8         1       1.2       1.7       2.3
  rcorr         -0.001887 -0.002588  0.001841  -0.01058  0.005952 -0.003308    0.1521    0.4044     3.286    -16.78
    +-             0.0023    0.0029    0.0039    0.0067     0.013     0.028     0.085       0.1      0.31        13

m12 30-45
  LO                35.54     35.54     35.54     35.54     35.54     35.54     35.54     35.54     35.54     35.54
    +-              0.005     0.005     0.005     0.005     0.005     0.005     0.005     0.005     0.005     0.005
  NNLOJET       35.545 +- 0.0003   pulls -0.3 -0.3 -0.3 -0.3 -0.3 -0.3 -0.3 -0.3 -0.3 -0.3
  NLO               7.184     7.133     7.013     6.924     6.887     6.838     6.825     6.812     6.824     6.782
    +-              0.017     0.021     0.024     0.028     0.031     0.035     0.039     0.042     0.047     0.055
  NNLOJET       6.7881 +- 0.0031   pulls +22.4 +16.3 +9.4 +4.7 +3.1 +1.4 +0.9 +0.6 +0.8 -0.1
  NNLO              3.979     4.009     4.181     5.377      6.46     7.455     8.281     10.36    -22.08    -625.1
    +-               0.14      0.17      0.21       0.3      0.39      0.47       0.6      0.72        19     5e+02
  NNLOJET       2.9449 +- 0.77   pulls +1.3 +1.3 +1.5 +2.9 +4.1 +5.0 +5.5 +7.0 -1.3 -1.3
  NNLO(no corr)     3.978     4.011     4.183     5.382     6.463     7.436     8.224     9.943     6.613    -4.726
    +-               0.14      0.17      0.21       0.3      0.39      0.47       0.6      0.72      0.93       1.3
  rcorr         0.0001624 -0.002229 -0.002014 -0.005047 -0.002531   0.01902   0.05733    0.4176    -28.69    -620.4
    +-             0.0016     0.002    0.0034     0.004     0.012      0.02     0.037     0.076        19     5e+02

m12 45-65
  LO                13.11     13.11     13.11     13.11     13.11     13.11     13.11     13.11     13.11     13.11
    +-             0.0026    0.0026    0.0026    0.0026    0.0026    0.0026    0.0026    0.0026    0.0026    0.0026
  NNLOJET       13.108 +- 0.00016   pulls +0.4 +0.4 +0.4 +0.4 +0.4 +0.4 +0.4 +0.4 +0.4 +0.4
  NLO               3.028     3.064     3.068      3.05     3.042      3.03     3.009     3.008     3.021     3.033
    +-             0.0095      0.01     0.012     0.013     0.014     0.015     0.018     0.021     0.026     0.031
  NNLOJET       3.0169 +- 0.0017   pulls +1.2 +4.6 +4.3 +2.5 +1.8 +0.8 -0.4 -0.4 +0.2 +0.5
  NNLO             0.8723     1.061     1.008     1.472     1.761     1.925     2.504     2.805    -75.87      3813
    +-               0.06     0.075     0.093      0.13      0.16      0.19      0.26      0.32   3.4e+02   3.4e+03
  NNLOJET       -0.18548 +- 0.38   pulls +2.8 +3.3 +3.1 +4.2 +4.8 +5.0 +5.9 +6.1 -0.2 +1.1
  NNLO(no corr)    0.8711     1.059     1.006      1.47     1.754     1.944      2.43     2.463    0.9408    -3.814
    +-               0.06     0.075     0.093      0.13      0.16      0.19      0.26      0.31      0.43       0.6
  rcorr          0.001254  0.002628  0.001499   0.00201  0.006328  -0.01926   0.07447    0.3425    -76.82      3817
    +-            0.00075    0.0011    0.0012    0.0023    0.0041      0.01     0.019     0.061   3.4e+02   3.4e+03

m12 65-120
  LO                3.816     3.816     3.816     3.816     3.816     3.816     3.816     3.816     3.816     3.816
    +-              0.001     0.001     0.001     0.001     0.001     0.001     0.001     0.001     0.001     0.001
  NNLOJET       3.8168 +- 6.3e-05   pulls -0.5 -0.5 -0.5 -0.5 -0.5 -0.5 -0.5 -0.5 -0.5 -0.5
  NLO              0.2749    0.2858    0.2825    0.2758    0.2725    0.2674    0.2619    0.2626    0.2638     0.256
    +-             0.0038    0.0045     0.005    0.0063    0.0066    0.0071    0.0078    0.0086    0.0099     0.012
  NNLOJET       0.26951 +- 0.0006   pulls +1.4 +3.6 +2.6 +1.0 +0.5 -0.3 -1.0 -0.8 -0.6 -1.1
  NNLO             0.1581    0.2062    0.3192    0.4401    0.5167    0.6466    0.7995    -181.9     -4117 5.603e+04
    +-              0.018     0.023     0.029     0.041     0.051     0.063       0.1        80     7e+03   3.9e+04
  NNLOJET       -0.0015498 +- 0.043   pulls +3.4 +4.3 +6.1 +7.5 +7.7 +8.5 +7.2 -2.3 -0.6 +1.4
  NNLO(no corr)     0.158     0.206    0.3194    0.4396    0.5122    0.6414    0.8312     1.033    -0.147    -1.714
    +-              0.018     0.023     0.029     0.041     0.051     0.063     0.087      0.11      0.15      0.24
  rcorr         6.673e-05 0.0001754-0.0001462 0.0005182  0.004435  0.005195  -0.03169      -183     -4116 5.603e+04
    +-            8.4e-05   0.00015   0.00018   0.00043    0.0013    0.0024     0.052        80     7e+03   3.9e+04
