b0         8 seeds; max |mean - trimmed|/err = 0.73
b1       168 seeds; max |mean - trimmed|/err = 0.13
lo       200 seeds; max |mean - trimmed|/err = 0.16
b2        92 seeds; max |mean - trimmed|/err = 0.18
vi       250 seeds; max |mean - trimmed|/err = 0.99
kp       200 seeds; max |mean - trimmed|/err = 0.48
r       3500 seeds; max |mean - trimmed|/err = 2.23
rcorr    400 seeds; max |mean - trimmed|/err = 1.53
tau_cut             2e-02     1e-02     5e-03     2e-03     1e-03     5e-04     2e-04     1e-04     3e-05     1e-05

total 0-0
  LO                103.3     103.3     103.3     103.3     103.3     103.3     103.3     103.3     103.3     103.3
    +-             0.0046    0.0046    0.0046    0.0046    0.0046    0.0046    0.0046    0.0046    0.0046    0.0046
  NNLOJET       103.28 +- 0.00053   pulls -0.4 -0.4 -0.4 -0.4 -0.4 -0.4 -0.4 -0.4 -0.4 -0.4
  NLO               12.31     11.78     11.33     10.95     10.79     10.64     10.55     10.47     10.44     10.47
    +-              0.031     0.036     0.043     0.055     0.061     0.068     0.077     0.083      0.09       0.1
  NNLOJET       10.58 +- 0.0048   pulls +55.5 +32.7 +17.1 +6.8 +3.3 +0.9 -0.4 -1.4 -1.6 -1.1
  NNLO               11.8     11.97     12.43     14.12     34.91      42.6 1.041e+04 4.049e+05 1.076e+06-1.007e+07
    +-                1.3       1.2       1.3       1.1        19        19     1e+04   4.1e+05   7.8e+05   1.3e+07
  NNLOJET       11.12 +- 1.2   pulls +0.4 +0.5 +0.7 +1.8 +1.3 +1.7 +1.0 +1.0 +1.4 -0.8
  NNLO(no corr)      11.8     11.96     12.42     14.15     34.93     41.69     103.8 -2.72e+04-2.905e+04 1.079e+04
    +-                1.3       1.2       1.3       1.1        19        19   2.8e+02   2.3e+04   2.3e+04   4.1e+04
  rcorr        -0.0009023  0.002391  0.006655  -0.02746  -0.01972    0.9059  1.03e+04 4.321e+05 1.105e+06-1.008e+07
    +-              0.014     0.016     0.018     0.025      0.15       1.1     1e+04   4.1e+05   7.8e+05   1.3e+07

q2 125-250
  LO                43.18     43.18     43.18     43.18     43.18     43.18     43.18     43.18     43.18     43.18
    +-             0.0061    0.0061    0.0061    0.0061    0.0061    0.0061    0.0061    0.0061    0.0061    0.0061
  NNLOJET       43.189 +- 0.00034   pulls -1.5 -1.5 -1.5 -1.5 -1.5 -1.5 -1.5 -1.5 -1.5 -1.5
  NLO               7.813     7.812     7.737     7.655     7.612      7.58     7.538     7.528     7.529     7.504
    +-              0.022     0.027     0.033     0.043     0.048     0.051     0.056     0.063     0.071     0.081
  NNLOJET       7.5242 +- 0.0033   pulls +13.1 +10.6 +6.4 +3.1 +1.8 +1.1 +0.3 +0.1 +0.1 -0.3
  NNLO              7.749     7.732     8.497     8.733     10.29     15.72 1.041e+04 4.053e+05 1.016e+06-1.018e+07
    +-                1.2       1.1       1.1      0.88      0.96       3.1     1e+04   4.1e+05   7.8e+05   1.3e+07
  NNLOJET       6.9167 +- 1   pulls +0.5 +0.6 +1.0 +1.4 +2.4 +2.7 +1.0 +1.0 +1.3 -0.8
  NNLO(no corr)     7.761     7.738     8.504     8.773     10.27     14.77     106.8 -2.72e+04-2.905e+04 1.165e+04
    +-                1.2       1.1       1.1      0.88      0.96       2.9   2.8e+02   2.3e+04   2.3e+04   4.1e+04
  rcorr          -0.01156 -0.006607 -0.007195  -0.03983   0.02039    0.9492  1.03e+04 4.325e+05 1.045e+06-1.019e+07
    +-             0.0089    0.0084      0.01     0.019     0.037       1.1     1e+04   4.1e+05   7.8e+05   1.3e+07

q2 250-500
  LO                29.07     29.07     29.07     29.07     29.07     29.07     29.07     29.07     29.07     29.07
    +-              0.004     0.004     0.004     0.004     0.004     0.004     0.004     0.004     0.004     0.004
  NNLOJET       29.068 +- 0.00026   pulls +0.3 +0.3 +0.3 +0.3 +0.3 +0.3 +0.3 +0.3 +0.3 +0.3
  NLO               2.749     2.594     2.478     2.393     2.354     2.325     2.305     2.273     2.253     2.281
    +-              0.016      0.02     0.022     0.027      0.03     0.035     0.037     0.042     0.047     0.055
  NNLOJET       2.3067 +- 0.0023   pulls +27.6 +14.4 +7.8 +3.2 +1.5 +0.5 -0.0 -0.8 -1.1 -0.5
  NNLO              2.805     2.865      3.01     4.078     23.74      24.7    -7.602    -435.5 5.923e+04 1.008e+05
    +-               0.22      0.31      0.34       0.4        19        19        16   3.6e+02   5.9e+04   7.1e+04
  NNLOJET       3.0541 +- 0.57   pulls -0.4 -0.3 -0.1 +1.5 +1.1 +1.2 -0.7 -1.2 +1.0 +1.4
  NNLO(no corr)     2.795     2.857     2.998     4.073     23.82     24.72    -8.412    -6.745    -112.7    -983.8
    +-               0.22      0.31      0.34       0.4        19        19        16        16   1.1e+02   8.6e+02
  rcorr          0.009861  0.007722   0.01283  0.005138  -0.08167  -0.02791    0.8104    -428.7 5.934e+04 1.017e+05
    +-             0.0064    0.0062     0.007    0.0085      0.13      0.03      0.64   3.6e+02   5.9e+04   7.1e+04

q2 500-1000
  LO                17.04     17.04     17.04     17.04     17.04     17.04     17.04     17.04     17.04     17.04
    +-             0.0028    0.0028    0.0028    0.0028    0.0028    0.0028    0.0028    0.0028    0.0028    0.0028
  NNLOJET       17.042 +- 0.00022   pulls +0.2 +0.2 +0.2 +0.2 +0.2 +0.2 +0.2 +0.2 +0.2 +0.2
  NLO              0.8425    0.7017    0.5943    0.4903    0.4528     0.408    0.4072    0.3902     0.389    0.3984
    +-               0.01     0.013     0.016      0.02     0.022     0.024     0.029     0.033     0.037     0.044
  NNLOJET       0.43746 +- 0.0016   pulls +39.6 +20.9 +9.9 +2.7 +0.7 -1.2 -1.1 -1.4 -1.3 -0.9
  NNLO             0.9855     1.106    0.6075    0.8146    0.6128     1.176     4.139     4.695      1217      9810
    +-               0.16      0.22      0.43      0.46      0.95         1       1.3       1.9   1.6e+03   8.2e+03
  NNLOJET       0.85812 +- 0.32   pulls +0.4 +0.6 -0.5 -0.1 -0.2 +0.3 +2.4 +2.0 +0.7 +1.2
  NNLO(no corr)    0.9869     1.107    0.6085    0.8096    0.5722     1.172         4     4.295     115.7     122.1
    +-               0.16      0.22      0.43      0.46      0.95         1       1.3       1.9   1.1e+02   1.1e+02
  rcorr         -0.001372 -0.001232-0.0009659     0.005   0.04063  0.004397    0.1392       0.4      1101      9688
    +-             0.0013    0.0013    0.0013    0.0054     0.041     0.012     0.098      0.22   1.6e+03   8.2e+03

q2 1000-2000
  LO                8.522     8.522     8.522     8.522     8.522     8.522     8.522     8.522     8.522     8.522
    +-             0.0022    0.0022    0.0022    0.0022    0.0022    0.0022    0.0022    0.0022    0.0022    0.0022
  NNLOJET       8.5191 +- 0.00018   pulls +1.2 +1.2 +1.2 +1.2 +1.2 +1.2 +1.2 +1.2 +1.2 +1.2
  NLO               0.393    0.2783    0.1995    0.1459    0.1163    0.0832   0.06921   0.05934   0.07025   0.08673
    +-             0.0058    0.0076      0.01     0.013     0.015     0.018      0.02     0.022     0.026     0.031
  NNLOJET       0.097476 +- 0.0013   pulls +49.6 +23.4 +9.8 +3.7 +1.2 -0.8 -1.4 -1.7 -1.1 -0.3
  NNLO             0.2216     0.231    0.1221    0.3537    0.3331    0.8022     1.018     2.156    -63.53     -57.1
    +-               0.06     0.069     0.098      0.15      0.19      0.25      0.39      0.51        80        81
  NNLOJET       0.31993 +- 0.14   pulls -0.6 -0.6 -1.1 +0.2 +0.1 +1.7 +1.7 +3.4 -0.8 -0.7
  NNLO(no corr)    0.2195    0.2285    0.1201    0.3514     0.332    0.8216     1.027     2.155      2.44   -0.7243
    +-              0.059     0.068     0.097      0.15      0.19      0.25      0.39      0.51      0.66       2.7
  rcorr          0.002164   0.00252  0.002018   0.00229  0.001038  -0.01934 -0.008244 0.0008279    -65.97    -56.38
    +-              0.012     0.012     0.012     0.012     0.013     0.018     0.018     0.026        80        81

q2 2000-5000
  LO                4.322     4.322     4.322     4.322     4.322     4.322     4.322     4.322     4.322     4.322
    +-             0.0018    0.0018    0.0018    0.0018    0.0018    0.0018    0.0018    0.0018    0.0018    0.0018
  NNLOJET       4.3201 +- 0.00016   pulls +0.9 +0.9 +0.9 +0.9 +0.9 +0.9 +0.9 +0.9 +0.9 +0.9
  NLO              0.3258     0.245    0.1884    0.1545    0.1433    0.1406    0.1305    0.1173    0.1064    0.1129
    +-             0.0043    0.0051    0.0067    0.0092      0.01     0.012     0.014     0.015     0.019     0.023
  NNLOJET       0.11692 +- 0.0011   pulls +47.4 +24.4 +10.5 +4.1 +2.5 +2.0 +1.0 +0.0 -0.6 -0.2
  NNLO            0.01799   0.03187   0.07138    0.1872    0.1197    0.3325    0.5227    0.8924   -0.3931    0.8293
    +-              0.033     0.035     0.079     0.076      0.11      0.15      0.22      0.26       1.5       1.9
  NNLOJET       0.004896 +- 0.11   pulls +0.1 +0.2 +0.5 +1.3 +0.7 +1.7 +2.1 +3.2 -0.3 +0.4
  NNLO(no corr)     0.018   0.03189   0.07141    0.1873    0.1198     0.333    0.5227    0.8521   -0.4601   -0.4764
    +-              0.033     0.035     0.079     0.076      0.11      0.15      0.22      0.25       1.5       1.6
  rcorr        -2.943e-06-2.007e-05-3.337e-05-5.611e-05-6.629e-05-0.0005381 6.444e-05   0.04028   0.06693     1.306
    +-            1.5e-05   3.2e-05   4.5e-05   0.00011   0.00028   0.00048    0.0025     0.032     0.029       1.1

q2 5000-20000
  LO                1.144     1.144     1.144     1.144     1.144     1.144     1.144     1.144     1.144     1.144
    +-              0.001     0.001     0.001     0.001     0.001     0.001     0.001     0.001     0.001     0.001
  NNLOJET       1.1428 +- 0.00013   pulls +1.0 +1.0 +1.0 +1.0 +1.0 +1.0 +1.0 +1.0 +1.0 +1.0
  NLO              0.1875    0.1516    0.1303    0.1119    0.1077    0.1021    0.1005   0.09774   0.09102    0.0853
    +-             0.0023    0.0025    0.0033    0.0046    0.0051    0.0057    0.0073    0.0087      0.01     0.012
  NNLOJET       0.097001 +- 0.0008   pulls +37.7 +20.9 +9.9 +3.2 +2.1 +0.9 +0.5 +0.1 -0.6 -1.0
  NNLO            0.01623 0.0004449    0.1171  -0.04498   -0.1787   -0.1272  -0.07674   0.01044    0.1524 0.0005007
    +-             0.0091     0.012      0.13     0.046      0.15      0.15      0.15      0.16      0.17       0.2
  NNLOJET       -0.033775 +- 0.038   pulls +1.3 +0.8 +1.1 -0.2 -1.0 -0.6 -0.3 +0.3 +1.1 +0.2
  NNLO(no corr)   0.01622 0.0004366    0.1171  -0.04497   -0.1786   -0.1273  -0.07637  0.009775    0.1446  -0.01645
    +-             0.0091     0.012      0.13     0.046      0.15      0.15      0.15      0.16      0.17       0.2
  rcorr         5.609e-06 8.271e-06  3.45e-07-4.202e-06-4.209e-05 9.044e-05-0.0003725 0.0006679    0.0078   0.01695
    +-            4.8e-06   8.2e-06   1.2e-05   1.5e-05   4.9e-05   0.00016   0.00059     0.001    0.0024    0.0082

ptavg 8-15
  LO                73.95     73.95     73.95     73.95     73.95     73.95     73.95     73.95     73.95     73.95
    +-             0.0052    0.0052    0.0052    0.0052    0.0052    0.0052    0.0052    0.0052    0.0052    0.0052
  NNLOJET       73.954 +- 0.00052   pulls -1.5 -1.5 -1.5 -1.5 -1.5 -1.5 -1.5 -1.5 -1.5 -1.5
  NLO               6.163     5.708     5.332     5.025     4.883     4.763     4.704     4.621     4.564     4.601
    +-              0.029     0.035     0.041     0.052     0.059     0.067     0.075     0.081     0.092       0.1
  NNLOJET       4.7453 +- 0.005   pulls +47.7 +27.3 +14.2 +5.4 +2.3 +0.3 -0.5 -1.5 -2.0 -1.4
  NNLO              9.085     9.201      8.97     9.831     29.59     33.72      6.91     10.02     12.11    -31.19
    +-                1.3       1.1       1.2      0.98        19        19        16        16        17        48
  NNLOJET       9.5546 +- 1.1   pulls -0.3 -0.2 -0.4 +0.2 +1.1 +1.3 -0.2 +0.0 +0.2 -0.9
  NNLO(no corr)     9.093     9.204     8.966     9.857     29.68     32.82     5.926     9.257     7.289    -6.735
    +-                1.3       1.1       1.2      0.98        19        19        16        16        17        19
  rcorr         -0.007199 -0.003262  0.004531  -0.02607   -0.0874    0.9064     0.984    0.7664     4.826    -24.46
    +-              0.014     0.016     0.017     0.024      0.14       1.1      0.61      0.35      0.85        44

ptavg 15-22
  LO                20.51     20.51     20.51     20.51     20.51     20.51     20.51     20.51     20.51     20.51
    +-             0.0026    0.0026    0.0026    0.0026    0.0026    0.0026    0.0026    0.0026    0.0026    0.0026
  NNLOJET       20.502 +- 0.00017   pulls +2.1 +2.1 +2.1 +2.1 +2.1 +2.1 +2.1 +2.1 +2.1 +2.1
  NLO               5.293     5.238     5.187     5.141      5.12     5.106     5.094     5.094     5.119      5.13
    +-              0.011     0.013     0.013     0.016     0.018     0.019     0.021     0.024     0.028     0.034
  NNLOJET       5.0696 +- 0.0015   pulls +20.9 +13.0 +8.8 +4.5 +2.8 +1.9 +1.1 +1.0 +1.8 +1.8
  NNLO             0.4932    0.4718    0.8945     1.337     2.012     2.713     2.554     4.541 -1.48e+04 5.784e+04
    +-               0.11      0.21      0.53      0.49      0.54      0.58       1.3       1.4   1.4e+04   7.4e+04
  NNLOJET       0.011899 +- 0.23   pulls +1.9 +1.5 +1.5 +2.5 +3.4 +4.3 +1.9 +3.1 -1.1 +0.8
  NNLO(no corr)    0.4857     0.467    0.8903     1.336     1.966     2.705     2.503     4.081    0.5106    -6.768
    +-               0.11      0.21      0.53      0.49      0.53      0.58       1.3       1.4       2.3       3.4
  rcorr          0.007437  0.004722  0.004218 0.0006406    0.0468  0.008522   0.05045    0.4603 -1.48e+04 5.785e+04
    +-             0.0047    0.0046     0.007    0.0073     0.043     0.016     0.041     0.078   1.4e+04   7.4e+04

ptavg 22-30
  LO                6.119     6.119     6.119     6.119     6.119     6.119     6.119     6.119     6.119     6.119
    +-             0.0015    0.0015    0.0015    0.0015    0.0015    0.0015    0.0015    0.0015    0.0015    0.0015
  NNLOJET       6.1183 +- 7.6e-05   pulls +0.2 +0.2 +0.2 +0.2 +0.2 +0.2 +0.2 +0.2 +0.2 +0.2
  NLO              0.9839    0.9733    0.9541    0.9357    0.9368     0.928    0.9126    0.9121    0.9185    0.9074
    +-             0.0048    0.0054    0.0063    0.0077    0.0084    0.0098     0.011     0.012     0.014     0.016
  NNLOJET       0.92342 +- 0.00064   pulls +12.4 +9.2 +4.8 +1.6 +1.6 +0.5 -1.0 -0.9 -0.3 -1.0
  NNLO           -0.08573  -0.05014   0.07825    0.3339    0.4404    0.7309     1.188     1.626 6.024e+05-1.192e+07
    +-              0.063     0.081     0.078      0.11      0.13      0.21      0.24      0.42     6e+05   1.3e+07
  NNLOJET       -0.55296 +- 0.35   pulls +1.3 +1.4 +1.8 +2.4 +2.7 +3.2 +4.1 +4.0 +1.0 -1.0
  NNLO(no corr)  -0.08403  -0.04982   0.08068    0.3373    0.4275    0.7557     1.157     1.332    -3.839     217.4
    +-              0.063     0.081     0.078      0.11      0.13       0.2      0.24       0.3       4.5   2.2e+02
  rcorr           -0.0017-0.0003193 -0.002424 -0.003388   0.01297  -0.02472   0.03102    0.2946 6.024e+05-1.192e+07
    +-            0.00088    0.0015     0.001    0.0016     0.013     0.011     0.023       0.3     6e+05   1.3e+07

ptavg 30-60
  LO                2.657     2.657     2.657     2.657     2.657     2.657     2.657     2.657     2.657     2.657
    +-            0.00055   0.00055   0.00055   0.00055   0.00055   0.00055   0.00055   0.00055   0.00055   0.00055
  NNLOJET       2.6571 +- 3.7e-05   pulls +0.4 +0.4 +0.4 +0.4 +0.4 +0.4 +0.4 +0.4 +0.4 +0.4
  NLO             -0.1012   -0.1087   -0.1175   -0.1217   -0.1265   -0.1295   -0.1308   -0.1322   -0.1331    -0.141
    +-             0.0023    0.0028    0.0032     0.004    0.0043    0.0047    0.0055    0.0062    0.0076    0.0092
  NNLOJET       -0.13036 +- 0.00026   pulls +12.4 +7.6 +4.0 +2.2 +0.9 +0.2 -0.1 -0.3 -0.4 -1.2
  NNLO           -0.03642  0.001408    0.1379    0.2704    0.5105    0.4725      -121-2.858e+04 1.557e+05 1.456e+06
    +-              0.018      0.03     0.052     0.053      0.16     0.096        98   2.3e+04   2.7e+05   9.4e+05
  NNLOJET       -0.17588 +- 0.044   pulls +2.9 +3.3 +4.6 +6.5 +4.1 +6.1 -1.2 -1.2 +0.6 +1.5
  NNLO(no corr)  -0.03691 0.0002326    0.1377    0.2692    0.5032    0.4576    -95.09-2.738e+04-2.755e+04      8065
    +-              0.018      0.03     0.052     0.053      0.16     0.095        96   2.3e+04   2.3e+04   4.1e+04
  rcorr          0.000489  0.001176 0.0002493  0.001258  0.007315   0.01489    -25.91     -1203 1.833e+05 1.448e+06
    +-            0.00045   0.00063   0.00062   0.00077    0.0027    0.0094        22   8.5e+02   2.6e+05   9.4e+05

m12 20-30
  LO                50.71     50.71     50.71     50.71     50.71     50.71     50.71     50.71     50.71     50.71
    +-             0.0063    0.0063    0.0063    0.0063    0.0063    0.0063    0.0063    0.0063    0.0063    0.0063
  NNLOJET       50.711 +- 0.00045   pulls -0.1 -0.1 -0.1 -0.1 -0.1 -0.1 -0.1 -0.1 -0.1 -0.1
  NLO               1.858     1.333    0.9967    0.7321     0.615    0.5368    0.4876    0.4133    0.3638    0.4331
    +-              0.025      0.03     0.036     0.046      0.05     0.059     0.066      0.07     0.078      0.09
  NNLOJET       0.54101 +- 0.0046   pulls +51.2 +25.8 +12.5 +4.2 +1.5 -0.1 -0.8 -1.8 -2.3 -1.2
  NNLO              6.876     7.335     7.205     7.377      26.5     30.42     2.182     3.124     3.335    -427.7
    +-                1.2       1.1       1.1      0.84        19        19        16        16        17   2.8e+02
  NNLOJET       8.3483 +- 0.89   pulls -1.0 -0.7 -0.8 -0.8 +1.0 +1.2 -0.4 -0.3 -0.3 -1.5
  NNLO(no corr)     6.882     7.337     7.202     7.393      26.6     29.37     1.263     2.669    0.1575     -11.6
    +-                1.2       1.1       1.1      0.84        19        19        16        16        17        18
  rcorr         -0.005886 -0.002035   0.00293  -0.01667   -0.0993      1.05    0.9195    0.4546     3.177    -416.1
    +-              0.013     0.015     0.016     0.019      0.14       1.1       0.6      0.18      0.75   2.8e+02

m12 30-45
  LO                35.54     35.54     35.54     35.54     35.54     35.54     35.54     35.54     35.54     35.54
    +-             0.0049    0.0049    0.0049    0.0049    0.0049    0.0049    0.0049    0.0049    0.0049    0.0049
  NNLOJET       35.545 +- 0.0003   pulls -0.2 -0.2 -0.2 -0.2 -0.2 -0.2 -0.2 -0.2 -0.2 -0.2
  NLO               7.185     7.135     7.015     6.927     6.891     6.842     6.828     6.817     6.826     6.782
    +-              0.018     0.022     0.025      0.03     0.034     0.037     0.041     0.044      0.05     0.058
  NNLOJET       6.7881 +- 0.0031   pulls +21.3 +15.6 +9.1 +4.6 +3.0 +1.5 +1.0 +0.6 +0.8 -0.1
  NNLO              4.038     3.672     4.147     5.197     6.212     7.065     8.019     11.74-1.444e+04 5.567e+04
    +-               0.34       0.4      0.67      0.71      0.78      0.84       1.6       1.9   1.4e+04   7.4e+04
  NNLOJET       2.9449 +- 0.77   pulls +1.3 +0.8 +1.2 +2.1 +3.0 +3.6 +2.9 +4.3 -1.0 +0.8
  NNLO(no corr)     4.046     3.685     4.158     5.211     6.158     7.187     7.944     11.13     9.773   -0.6447
    +-               0.34       0.4      0.67      0.71      0.78      0.83       1.6       1.9       2.4       4.4
  rcorr         -0.008109  -0.01241  -0.01043  -0.01437   0.05391   -0.1217   0.07429    0.6036-1.445e+04 5.567e+04
    +-              0.011     0.011     0.012     0.014     0.049      0.13     0.054      0.29   1.4e+04   7.4e+04

m12 45-65
  LO                13.11     13.11     13.11     13.11     13.11     13.11     13.11     13.11     13.11     13.11
    +-             0.0026    0.0026    0.0026    0.0026    0.0026    0.0026    0.0026    0.0026    0.0026    0.0026
  NNLOJET       13.108 +- 0.00016   pulls +0.1 +0.1 +0.1 +0.1 +0.1 +0.1 +0.1 +0.1 +0.1 +0.1
  NLO               3.028     3.065     3.069     3.052     3.043      3.03      3.01      3.01     3.022     3.035
    +-               0.01     0.011     0.012     0.014     0.015     0.016     0.019     0.021     0.027     0.032
  NNLOJET       3.0169 +- 0.0017   pulls +1.1 +4.4 +4.1 +2.5 +1.7 +0.8 -0.4 -0.3 +0.2 +0.5
  NNLO              0.702    0.7548    0.7305      1.08     1.479     1.753     2.379-2.301e+04 5.872e+05-1.189e+07
    +-               0.22      0.24      0.26       0.3      0.33      0.51      0.66   2.3e+04   6.1e+05   1.3e+07
  NNLOJET       -0.18548 +- 0.38   pulls +2.0 +2.1 +2.0 +2.6 +3.3 +3.0 +3.4 -1.0 +1.0 -0.9
  NNLO(no corr)    0.6891    0.7387    0.7163     1.077     1.461     1.786       2.3-2.301e+04-2.302e+04-2.279e+04
    +-               0.22      0.24      0.26       0.3      0.33      0.51      0.66   2.3e+04   2.3e+04   2.3e+04
  rcorr           0.01289   0.01612   0.01429  0.003002   0.01804  -0.03373   0.07871     0.469 6.102e+05-1.187e+07
    +-               0.01     0.011     0.011     0.016     0.021     0.022     0.035      0.31     6e+05   1.3e+07

m12 65-120
  LO                3.816     3.816     3.816     3.816     3.816     3.816     3.816     3.816     3.816     3.816
    +-             0.0011    0.0011    0.0011    0.0011    0.0011    0.0011    0.0011    0.0011    0.0011    0.0011
  NNLOJET       3.8168 +- 6.3e-05   pulls -0.3 -0.3 -0.3 -0.3 -0.3 -0.3 -0.3 -0.3 -0.3 -0.3
  NLO               0.275    0.2859    0.2826    0.2761    0.2722    0.2669    0.2618    0.2624    0.2639     0.255
    +-              0.004    0.0047    0.0052    0.0066    0.0069    0.0075    0.0084    0.0092     0.011     0.013
  NNLOJET       0.26951 +- 0.0006   pulls +1.4 +3.4 +2.5 +1.0 +0.4 -0.3 -0.9 -0.8 -0.5 -1.1
  NNLO             0.1668    0.1853    0.3192    0.4349    0.6901    0.7088    -117.6     -5530 1.688e+05  1.42e+06
    +-              0.034     0.043     0.064      0.07      0.17      0.12        98   4.3e+03   2.6e+05   9.4e+05
  NNLOJET       -0.0015498 +- 0.043   pulls +3.1 +3.1 +4.1 +5.3 +3.9 +5.7 -1.2 -1.3 +0.6 +1.5
  NNLO(no corr)    0.1665    0.1846    0.3193    0.4343     0.683    0.6991     -94.7     -4363     -4538 2.754e+04
    +-              0.034     0.043     0.064      0.07      0.17      0.12        96   4.2e+03   4.2e+03   3.3e+04
  rcorr         0.0002285 0.0007639-9.134e-05 0.0005616  0.007109  0.009755    -22.93     -1168 1.734e+05 1.392e+06
    +-            0.00065   0.00078   0.00069   0.00094    0.0026    0.0097        21   8.5e+02   2.6e+05   9.4e+05
