b1 2400, lo 2000 seeds; disorder incl 16, p2b 1600; LO >= 1 jet 1346.36 pb
tau_cut         2e-02      1e-02      5e-03      2e-03      1e-03      5e-04      2e-04      1e-04      3e-05      1e-05
total      disorder   -42.1367 +- 0.0001 (0.00 permille of LO jet rate)
  ours       -42.1305   -42.1305   -42.1305   -42.1305   -42.1305   -42.1305   -42.1305   -42.1305   -42.1305   -42.1305
  +-           0.0067     0.0067     0.0067     0.0067     0.0067     0.0067     0.0067     0.0067     0.0067     0.0067
  pull            0.9        0.9        0.9        0.9        0.9        0.9        0.9        0.9        0.9        0.9
>=1 jet    disorder   -17.9078 +- 0.3579 (0.27 permille of LO jet rate)
  ours       -11.1398   -13.0704   -14.6015   -15.9978   -16.5875   -16.8964   -17.0905   -17.1648   -17.2063   -17.2884
  +-           0.0306     0.0291     0.0292     0.0318     0.0353     0.0397     0.0475     0.0545     0.0694     0.0865
  pull           18.8       13.5        9.2        5.3        3.7        2.8        2.3        2.1        1.9        1.7
pt 5-8     disorder    16.9907 +- 0.0196 (0.01 permille of LO jet rate)
  ours        14.7797    14.0585    14.4535    15.3593    15.9851    16.4484    16.7675    16.8482    16.9667    17.0953
  +-           0.0178     0.0272     0.0370     0.0516     0.0621     0.0740     0.0897     0.1028     0.1270     0.1527
  pull          -83.4      -87.4      -60.6      -29.5      -15.4       -7.1       -2.4       -1.4       -0.2        0.7
pt 8-11    disorder   -31.2891 +- 0.8148 (0.61 permille of LO jet rate)
  ours       -18.8998   -20.9249   -23.6734   -27.1921   -29.1894   -30.7142   -31.6995   -31.9859   -31.9379   -31.9420
  +-           0.6077     0.5544     0.5121     0.4740     0.4592     0.4559     0.4714     0.4960     0.5691     0.6887
  pull           12.2       10.5        7.9        4.3        2.2        0.6       -0.4       -0.7       -0.7       -0.6
pt 11-15   disorder   -16.2887 +- 0.8033 (0.60 permille of LO jet rate)
  ours       -14.9679   -15.5761   -16.0861   -16.1705   -15.9072   -15.3416   -15.0535   -14.8847   -14.8997   -14.8993
  +-           0.7236     0.6612     0.6115     0.5663     0.5477     0.5442     0.5635     0.5924     0.6787     0.8130
  pull            1.2        0.7        0.2        0.1        0.4        1.0        1.3        1.4        1.3        1.2
pt 15-20   disorder     7.3856 +- 0.5798 (0.43 permille of LO jet rate)
  ours         2.7225     3.7409     4.6446     5.7376     6.1866     6.3571     6.8666     7.0032     6.7267     6.0761
  +-           0.5447     0.4986     0.4655     0.4425     0.4406     0.4551     0.4936     0.5468     0.6643     0.8098
  pull           -5.9       -4.8       -3.7       -2.3       -1.6       -1.4       -0.7       -0.5       -0.7       -1.3
pt 20-30   disorder     4.8528 +- 0.5195 (0.39 permille of LO jet rate)
  ours         4.8539     5.2257     5.6296     5.8828     5.9475     6.0133     5.7370     5.5751     5.7691     6.2220
  +-           0.3913     0.3575     0.3350     0.3242     0.3308     0.3505     0.3936     0.4523     0.5607     0.6974
  pull            0.0        0.6        1.3        1.7        1.8        1.9        1.4        1.0        1.2        1.6
pt 30-50   disorder     0.6553 +- 0.0267 (0.02 permille of LO jet rate)
  ours         0.5233     0.5670     0.5970     0.5647     0.5739     0.5274     0.4807     0.4804     0.3845     0.3943
  +-           0.1000     0.0912     0.0859     0.0846     0.0883     0.0954     0.1119     0.1260     0.1567     0.1978
  pull           -1.3       -0.9       -0.6       -1.0       -0.9       -1.3       -1.5       -1.4       -1.7       -1.3
pt 50-100  disorder    -0.2133 +- 0.0036 (0.00 permille of LO jet rate)
  ours        -0.1527    -0.1622    -0.1674    -0.1801    -0.1841    -0.1868    -0.1890    -0.2007    -0.2153    -0.2344
  +-           0.0138     0.0125     0.0117     0.0117     0.0124     0.0136     0.0162     0.0188     0.0247     0.0307
  pull            4.3        3.9        3.7        2.7        2.3        1.9        1.5        0.7       -0.1       -0.7
y -1..-0.5 disorder   -47.3279 +- 0.5208 (0.39 permille of LO jet rate)
  ours       -36.6083   -37.8157   -38.8811   -40.0381   -40.6965   -41.2134   -41.7297   -41.9531   -42.2202   -42.2902
  +-           5.1782     4.8365     4.5263     4.1646     3.9276     3.7223     3.4995     3.3680     3.2162     3.1634
  pull            2.1        2.0        1.9        1.7        1.7        1.6        1.6        1.6        1.6        1.6
y -0.5..0  disorder   -32.5630 +- 0.4554 (0.34 permille of LO jet rate)
  ours       -35.0079   -35.2880   -35.4804   -35.8546   -36.1733   -36.2516   -36.3243   -36.5437   -36.8505   -37.1585
  +-           5.1845     4.8423     4.5320     4.1709     3.9352     3.7316     3.5125     3.3855     3.2441     3.2094
  pull           -0.5       -0.6       -0.6       -0.8       -0.9       -1.0       -1.1       -1.2       -1.3       -1.4
y 0..0.5   disorder    14.1897 +- 0.2573 (0.19 permille of LO jet rate)
  ours        14.6685    13.0219    12.3294    12.4357    12.8395    13.0922    13.5418    13.7425    14.2884    14.5629
  +-           0.3830     0.3526     0.3341     0.3324     0.3491     0.3794     0.4310     0.4926     0.6169     0.7870
  pull            1.0       -2.7       -4.4       -4.2       -3.1       -2.4       -1.3       -0.8        0.1        0.5
y 0.5..1   disorder    19.8752 +- 0.0803 (0.06 permille of LO jet rate)
  ours        19.7407    19.5327    19.5336    19.5330    19.6005    19.7049    19.8548    20.0255    20.1115    20.2352
  +-           0.1477     0.1376     0.1424     0.1691     0.2006     0.2370     0.2911     0.3421     0.4508     0.5801
  pull           -0.8       -2.2       -2.1       -1.8       -1.3       -0.7       -0.1        0.4        0.5        0.6
y 1..1.5   disorder    13.1940 +- 0.0269 (0.02 permille of LO jet rate)
  ours        13.2219    13.3716    13.3065    13.2732    13.2108    13.1654    13.0174    13.0742    13.0106    12.9130
  +-           0.0918     0.0797     0.0762     0.0835     0.0950     0.1110     0.1334     0.1550     0.1991     0.2475
  pull            0.3        2.1        1.4        0.9        0.2       -0.3       -1.3       -0.8       -0.9       -1.1
y 1.5..2.5 disorder    14.7241 +- 0.0048 (0.00 permille of LO jet rate)
  ours        12.8453    14.1070    14.5904    14.6530    14.6315    14.6061    14.5495    14.4898    14.4539    14.4492
  +-           0.0213     0.0274     0.0341     0.0437     0.0523     0.0613     0.0740     0.0843     0.1057     0.1294
  pull          -86.0      -22.2       -3.9       -1.6       -1.8       -1.9       -2.4       -2.8       -2.6       -2.1
>=2 jets   disorder    67.3923 +- 0.0129 (0.01 permille of LO jet rate)
  ours        73.4252    73.1591    71.7046    69.6441    68.6372    68.1309    67.6526    67.5049    67.3909    67.2952
  +-           0.0565     0.0837     0.1130     0.1518     0.1838     0.2212     0.2675     0.3086     0.3859     0.4689
  pull          104.2       68.1       37.9       14.8        6.8        3.3        1.0        0.4       -0.0       -0.2
chi2/15       25780.7    13127.9     5333.0     1181.6      332.6       94.6       33.0       25.3       22.6       22.4
max err          3.85       3.60       3.37       3.10       2.92       2.77       2.61       2.51       2.41       2.38   (permille of LO jet rate)
