b1 TRIMMED (diagnostic, 24 of 2400 seeds per side removed per cell)
b1 2352, lo 2000 seeds; disorder incl 16, p2b 1600; LO >= 1 jet 1346.36 pb
tau_cut         2e-02      1e-02      5e-03      2e-03      1e-03      5e-04      2e-04      1e-04      3e-05      1e-05
total      disorder   -42.1367 +- 0.0001 (0.00 permille of LO jet rate)
  ours       -42.1305   -42.1305   -42.1305   -42.1305   -42.1305   -42.1305   -42.1305   -42.1305   -42.1305   -42.1305
  +-           0.0067     0.0067     0.0067     0.0067     0.0067     0.0067     0.0067     0.0067     0.0067     0.0067
  pull            0.9        0.9        0.9        0.9        0.9        0.9        0.9        0.9        0.9        0.9
>=1 jet    disorder   -17.9078 +- 0.3579 (0.27 permille of LO jet rate)
  ours       -11.1403   -13.0706   -14.6014   -15.9968   -16.5849   -16.8918   -17.0838   -17.1566   -17.1948   -17.2728
  +-           0.0287     0.0275     0.0278     0.0305     0.0340     0.0383     0.0459     0.0526     0.0668     0.0830
  pull           18.8       13.5        9.2        5.3        3.7        2.8        2.3        2.1        2.0        1.7
pt 5-8     disorder    16.9907 +- 0.0196 (0.01 permille of LO jet rate)
  ours        14.7796    14.0583    14.4531    15.3586    15.9841    16.4469    16.7655    16.8457    16.9633    17.0908
  +-           0.0177     0.0269     0.0365     0.0508     0.0609     0.0724     0.0873     0.0998     0.1227     0.1469
  pull          -83.7      -88.0      -61.2      -29.9      -15.7       -7.2       -2.5       -1.4       -0.2        0.7
pt 8-11    disorder   -31.2891 +- 0.8148 (0.61 permille of LO jet rate)
  ours       -19.0206   -21.0403   -23.7827   -27.2927   -29.2836   -30.8010   -31.7796   -32.0640   -32.0181   -32.0241
  +-           0.2533     0.2331     0.2210     0.2196     0.2292     0.2458     0.2812     0.3137     0.3897     0.5070
  pull           14.4       12.1        8.9        4.7        2.4        0.6       -0.6       -0.9       -0.8       -0.8
pt 11-15   disorder   -16.2887 +- 0.8033 (0.60 permille of LO jet rate)
  ours       -14.8583   -15.4739   -15.9883   -16.0765   -15.8124   -15.2415   -14.9415   -14.7567   -14.7467   -14.7232
  +-           0.3364     0.3095     0.2930     0.2882     0.2969     0.3177     0.3629     0.4035     0.4975     0.6308
  pull            1.6        0.9        0.4        0.2        0.6        1.2        1.5        1.7        1.6        1.5
pt 15-20   disorder     7.3856 +- 0.5798 (0.43 permille of LO jet rate)
  ours         3.0076     3.9979     4.8767     5.9414     6.3727     6.5289     7.0221     7.1520     6.8765     6.2345
  +-           0.2028     0.1916     0.1946     0.2179     0.2462     0.2867     0.3479     0.4137     0.5364     0.6749
  pull           -7.1       -5.5       -4.1       -2.3       -1.6       -1.3       -0.5       -0.3       -0.6       -1.3
pt 20-30   disorder     4.8528 +- 0.5195 (0.39 permille of LO jet rate)
  ours         4.3997     4.8169     5.2584     5.5505     5.6369     5.7167     5.4524     5.2930     5.4765     5.9010
  +-           0.1109     0.1119     0.1252     0.1575     0.1899     0.2289     0.2865     0.3534     0.4589     0.5855
  pull           -0.9       -0.1        0.8        1.3        1.4        1.5        1.0        0.7        0.9        1.3
pt 30-50   disorder     0.6553 +- 0.0267 (0.02 permille of LO jet rate)
  ours         0.7002     0.7261     0.7420     0.6966     0.6997     0.6509     0.6057     0.6104     0.5302     0.5632
  +-           0.0276     0.0301     0.0359     0.0470     0.0579     0.0697     0.0901     0.1049     0.1343     0.1728
  pull            1.2        1.8        1.9        0.8        0.7       -0.1       -0.5       -0.4       -0.9       -0.5
pt 50-100  disorder    -0.2133 +- 0.0036 (0.00 permille of LO jet rate)
  ours        -0.1490    -0.1588    -0.1642    -0.1772    -0.1815    -0.1844    -0.1865    -0.1980    -0.2122    -0.2310
  +-           0.0043     0.0046     0.0053     0.0071     0.0087     0.0106     0.0136     0.0163     0.0220     0.0276
  pull           11.6        9.4        7.7        4.6        3.4        2.6        1.9        0.9        0.0       -0.6
y -1..-0.5 disorder   -47.3279 +- 0.5208 (0.39 permille of LO jet rate)
  ours       -42.4163   -43.2252   -43.9313   -44.6748   -45.0675   -45.3586   -45.6358   -45.7250   -45.8522   -45.8966
  +-           0.1426     0.1318     0.1264     0.1286     0.1376     0.1516     0.1765     0.2012     0.2568     0.3201
  pull            9.1        7.6        6.3        4.9        4.2        3.6        3.1        2.9        2.5        2.3
y -0.5..0  disorder   -32.5630 +- 0.4554 (0.34 permille of LO jet rate)
  ours       -29.1798   -29.8498   -30.3944   -31.1765   -31.7595   -32.0635   -32.3788   -32.7377   -33.2057   -33.5692
  +-           0.2571     0.2364     0.2263     0.2299     0.2500     0.2759     0.3251     0.3755     0.4747     0.6071
  pull            6.5        5.3        4.3        2.7        1.5        0.9        0.3       -0.3       -1.0       -1.3
y 0..0.5   disorder    14.1897 +- 0.2573 (0.19 permille of LO jet rate)
  ours        14.5372    12.9026    12.2205    12.3341    12.7404    12.9894    13.4228    13.6149    14.1311    14.3746
  +-           0.1734     0.1691     0.1778     0.2121     0.2518     0.2993     0.3632     0.4301     0.5531     0.7168
  pull            1.1       -4.2       -6.3       -5.6       -4.0       -3.0       -1.7       -1.1       -0.1        0.2
y 0.5..1   disorder    19.8752 +- 0.0803 (0.06 permille of LO jet rate)
  ours        19.7716    19.5663    19.5713    19.5746    19.6438    19.7534    19.9184    20.1009    20.2200    20.3880
  +-           0.0678     0.0823     0.1063     0.1477     0.1842     0.2219     0.2739     0.3212     0.4194     0.5348
  pull           -1.0       -2.7       -2.3       -1.8       -1.2       -0.5        0.2        0.7        0.8        0.9
y 1..1.5   disorder    13.1940 +- 0.0269 (0.02 permille of LO jet rate)
  ours        13.2570    13.3926    13.3174    13.2785    13.2157    13.1719    13.0331    13.1011    13.0665    13.0058
  +-           0.0290     0.0406     0.0533     0.0717     0.0866     0.1036     0.1251     0.1450     0.1835     0.2229
  pull            1.6        4.1        2.1        1.1        0.2       -0.2       -1.3       -0.6       -0.7       -0.8
y 1.5..2.5 disorder    14.7241 +- 0.0048 (0.00 permille of LO jet rate)
  ours        12.8467    14.1085    14.5924    14.6559    14.6359    14.6117    14.5569    14.4988    14.4662    14.4651
  +-           0.0204     0.0267     0.0333     0.0427     0.0509     0.0595     0.0714     0.0811     0.1011     0.1235
  pull          -89.6      -22.7       -3.9       -1.6       -1.7       -1.9       -2.3       -2.8       -2.5       -2.1
>=2 jets   disorder    67.3923 +- 0.0129 (0.01 permille of LO jet rate)
  ours        73.4246    73.1591    71.7052    69.6466    68.6414    68.1370    67.6616    67.5165    67.4077    67.3173
  +-           0.0561     0.0829     0.1115     0.1491     0.1799     0.2159     0.2597     0.2986     0.3716     0.4501
  pull          104.8       68.7       38.4       15.1        6.9        3.4        1.0        0.4        0.0       -0.2
chi2/15       26886.2    13558.4     5587.1     1272.7      371.8      112.1       40.1       30.0       24.3       23.8
max err          0.25       0.23       0.22       0.21       0.22       0.24       0.27       0.32       0.41       0.53   (permille of LO jet rate)
