b1        64 seeds; max |mean - trimmed|/err = 0.12
lo        64 seeds; max |mean - trimmed|/err = 0.26
b2        64 seeds; max |mean - trimmed|/err = 0.21
vi       120 seeds; max |mean - trimmed|/err = 0.14
kp        32 seeds; max |mean - trimmed|/err = 0.28
r      DIAGNOSTIC: 3 of 1200 seeds left out (non-finite or |iteration| > 100000)
r       1197 seeds; max |mean - trimmed|/err = 0.91
rcorr  DIAGNOSTIC: 9 of 300 seeds left out (non-finite or |iteration| > 10000)
rcorr    291 seeds; max |mean - trimmed|/err = 1.25
tau_cut             2e-02     1e-02     5e-03     2e-03     1e-03     5e-04     2e-04     1e-04     3e-05     1e-05

tauzQ 0.05-0.1
  NLO             -0.3792   -0.9215     -1.07      1.45     2.749      3.45      3.87     4.025      4.12     4.159
    +-             0.0048     0.012     0.015     0.025     0.031     0.037     0.043     0.044     0.054     0.062
  NNLO             -5.955    -4.173     1.463     4.198     3.845     3.189     3.007     3.785     5.005     6.036
    +-              0.041      0.15      0.18      0.22      0.27      0.31      0.38      0.48      0.57      0.71
  NNLO(no corr)    -5.955    -4.302     1.333     4.058     3.698     3.007     2.968     3.477     4.496     4.544
    +-              0.041     0.074      0.12      0.17      0.23      0.27      0.34       0.4      0.52      0.67
  rcorr        -0.0001913    0.1291    0.1292    0.1401    0.1464    0.1824   0.03864    0.3087    0.5085     1.493
    +-            0.00048      0.13      0.13      0.13      0.13      0.14      0.15      0.28      0.23      0.24

tauzQ 0.1-0.2
  NLO                1.94     2.442     3.791     4.881     5.297     5.513     5.627     5.644     5.682     5.684
    +-             0.0051    0.0083     0.014     0.019     0.019     0.022     0.026     0.029     0.034     0.038
  NNLO            -0.8776     2.506     3.822      3.74     3.359     3.079     3.052     3.534     7.125     2.997
    +-              0.045     0.062     0.092      0.12      0.16      0.19      0.27      0.33       3.4      0.74
  NNLO(no corr)   -0.8781     2.505     3.825     3.738     3.354     3.074     3.155     3.443     3.093     1.687
    +-              0.045     0.062     0.092      0.12      0.16      0.19      0.25      0.31       0.4       0.5
  rcorr         0.0004988 0.0006646 -0.002852  0.001413  0.005635  0.005732    -0.103   0.09118     4.032      1.31
    +-            0.00045   0.00051    0.0052    0.0015     0.008    0.0076     0.084     0.091       3.4      0.54

tauzQ 0.2-0.3
  NLO               2.009     2.547     2.909     3.155     3.233     3.273      3.28     3.274     3.273      3.22
    +-              0.004    0.0059    0.0089     0.012     0.014     0.018      0.02     0.022     0.024     0.031
  NNLO              1.402     1.971     2.009     1.848     1.713     1.834     1.971     1.968    -2.006     -2.05
    +-              0.027     0.045     0.058      0.08       0.1      0.13      0.16      0.18       4.1       4.2
  NNLO(no corr)     1.402      1.97     2.009     1.846     1.709     1.841     1.979     1.958     1.871    0.8072
    +-              0.027     0.045     0.058      0.08       0.1      0.13      0.15      0.18      0.25      0.32
  rcorr         0.0002445 0.0007363 0.0004576  0.002401  0.004187 -0.007709 -0.007821   0.01035    -3.876    -2.857
    +-            0.00012   0.00065   0.00053    0.0015    0.0052    0.0085     0.028     0.019       4.1       4.1

tauzQ 0.3-0.4
  NLO               1.647     1.892     2.043     2.137     2.177     2.183     2.192     2.194     2.197     2.196
    +-             0.0035    0.0048    0.0062     0.009     0.011     0.014     0.016     0.019     0.021     0.025
  NNLO              1.176     1.292     1.309     1.277     1.302       1.2     1.357     1.033    0.8743     0.951
    +-              0.025     0.032      0.05     0.062     0.079     0.096      0.12      0.38       0.4      0.44
  NNLO(no corr)     1.176     1.291     1.308     1.276     1.301     1.225     1.346      1.35     1.052    0.3729
    +-              0.025     0.032      0.05     0.062     0.079      0.09      0.12      0.14      0.19      0.25
  rcorr          0.000365  0.000512 8.718e-05  0.001099  0.001103  -0.02502   0.01076   -0.3171   -0.1777    0.5781
    +-            0.00041   0.00044   0.00052   0.00083    0.0018     0.034     0.013      0.35      0.35      0.36

tauzQ 0.4-0.5
  NLO               1.279     1.407     1.475     1.517     1.535     1.539     1.544     1.545     1.546     1.541
    +-             0.0029    0.0048    0.0059    0.0081    0.0092     0.011     0.012     0.013     0.015     0.018
  NNLO             0.8931    0.9424    0.9218    0.8411    0.8208     1.044    0.8326    0.8654    0.6765   -0.8254
    +-              0.015     0.025     0.036     0.049     0.059      0.17     0.093      0.11      0.18       2.3
  NNLO(no corr)    0.8936    0.9439    0.9307    0.8399    0.8202    0.8957    0.8214    0.8501    0.6198   -0.1055
    +-              0.015     0.025     0.035     0.049     0.059     0.072     0.092      0.11      0.15       0.2
  rcorr        -0.0004859 -0.001443 -0.008946  0.001113 0.0006182    0.1482   0.01123   0.01532   0.05665   -0.7199
    +-            0.00041    0.0013    0.0087    0.0015    0.0015      0.16    0.0094     0.011     0.091       2.3

tauzQ 0.05-0.5
  NLO               6.496     7.367     9.148     13.14     14.99     15.96     16.51     16.68     16.82      16.8
    +-             0.0094     0.015     0.023     0.035     0.039     0.042     0.051     0.054     0.068     0.083
  NNLO             -3.361     2.538     9.524      11.9     11.04     10.35     10.22     11.19     11.67     7.109
    +-              0.069      0.17       0.2      0.26      0.34      0.44      0.53      0.74       5.5       6.4
  NNLO(no corr)    -3.362     2.408     9.406     11.76     10.88     10.04     10.27     11.08     11.13     7.305
    +-              0.069      0.11      0.16      0.23      0.31      0.38       0.5      0.58      0.76      0.97
  rcorr         0.0004312    0.1296     0.118    0.1461    0.1579    0.3037  -0.05021    0.1084    0.5431   -0.1962
    +-            0.00026      0.13      0.13      0.13      0.13      0.21      0.18      0.46       5.4       6.3
