b1        64 seeds; max |mean - trimmed|/err = 0.12
lo        64 seeds; max |mean - trimmed|/err = 0.26
b2        64 seeds; max |mean - trimmed|/err = 0.21
vi       120 seeds; max |mean - trimmed|/err = 0.14
kp        32 seeds; max |mean - trimmed|/err = 0.28
r      DIAGNOSTIC: 3 of 1199 seeds left out (non-finite or |iteration| > 68000)
r       1196 seeds; max |mean - trimmed|/err = 1.21
rcorr  DIAGNOSTIC: 13 of 300 seeds left out (non-finite or |iteration| > 318)
rcorr    287 seeds; max |mean - trimmed|/err = 1.28
tau_cut             2e-02     1e-02     5e-03     2e-03     1e-03     5e-04     2e-04     1e-04     3e-05     1e-05

tauzQ 0.05-0.1
  NLO             -0.3792   -0.9215     -1.07      1.45     2.749      3.45      3.87     4.025      4.12     4.159
    +-             0.0048     0.012     0.015     0.025     0.031     0.037     0.043     0.044     0.054     0.062
  NNLO             -5.973    -4.146      1.52     3.979     3.304     1.959    0.5537    0.4282    0.3408    0.2555
    +-              0.042      0.16      0.19      0.25      0.33      0.38      0.48       0.6      0.76      0.86
  NNLO(no corr)    -5.973    -4.276     1.389     3.837     3.156     1.773    0.5145    0.1302   -0.1768    -1.249
    +-              0.042     0.085      0.14      0.21       0.3      0.36      0.45      0.53      0.73      0.83
  rcorr        -0.0001949    0.1309    0.1306    0.1421    0.1483    0.1853   0.03923     0.298    0.5176     1.505
    +-            0.00048      0.13      0.13      0.13      0.13      0.14      0.16      0.28      0.23      0.24

tauzQ 0.1-0.2
  NLO                1.94     2.442     3.791     4.881     5.297     5.513     5.627     5.644     5.682     5.684
    +-             0.0051    0.0083     0.014     0.019     0.019     0.022     0.026     0.029     0.034     0.038
  NNLO            -0.8755      2.47     3.812     3.768     3.242     2.456     2.105      2.21     5.316    0.9118
    +-              0.049      0.07     0.099      0.14      0.18      0.23      0.31      0.41       3.5       0.7
  NNLO(no corr)    -0.876      2.47     3.815     3.767     3.236      2.45      2.21     2.115     1.273   -0.8749
    +-              0.049      0.07     0.099      0.14      0.18      0.23       0.3       0.4       0.5      0.61
  rcorr         0.0005068 0.0006734 -0.002843  0.001415  0.005801  0.005885   -0.1044   0.09513     4.043     1.787
    +-            0.00045   0.00052    0.0053    0.0015    0.0081    0.0077     0.085     0.093       3.5      0.34

tauzQ 0.2-0.3
  NLO               2.009     2.547     2.909     3.155     3.233     3.273      3.28     3.274     3.273      3.22
    +-              0.004    0.0059    0.0089     0.012     0.014     0.018      0.02     0.022     0.024     0.031
  NNLO              1.439     2.028     2.039     1.772     1.584     1.673     1.748     1.551     1.456     1.522
    +-              0.035     0.048     0.062     0.094      0.12      0.15      0.19      0.22      0.29      0.42
  NNLO(no corr)     1.438     2.027     2.039      1.77     1.579     1.682     1.758     1.543       1.2    0.2403
    +-              0.035     0.048     0.062     0.094      0.12      0.14      0.19      0.22      0.28      0.37
  rcorr         0.0002479 0.0007455 0.0004632  0.002429  0.004249 -0.009442 -0.009625  0.008585    0.2554     1.282
    +-            0.00013   0.00066   0.00054    0.0015    0.0052    0.0085     0.029     0.019     0.066       0.2

tauzQ 0.3-0.4
  NLO               1.647     1.892     2.043     2.137     2.177     2.183     2.192     2.194     2.197     2.196
    +-             0.0035    0.0048    0.0062     0.009     0.011     0.014     0.016     0.019     0.021     0.025
  NNLO               1.19     1.321     1.303     1.275      1.21     1.082     1.179     1.195    0.9351    0.8065
    +-              0.026     0.034     0.052     0.067     0.083      0.11      0.14      0.16      0.21      0.28
  NNLO(no corr)      1.19     1.321     1.303     1.274     1.208     1.107     1.168     1.159    0.7609    -0.103
    +-              0.026     0.034     0.052     0.067     0.083       0.1      0.14      0.16      0.21      0.27
  rcorr         0.0003692 0.0005182 8.366e-05  0.001123  0.001114  -0.02538   0.01087   0.03519    0.1741    0.9094
    +-            0.00042   0.00044   0.00053   0.00085    0.0018     0.034     0.013     0.015     0.035     0.065

tauzQ 0.4-0.5
  NLO               1.279     1.407     1.475     1.517     1.535     1.539     1.544     1.545     1.546     1.541
    +-             0.0029    0.0048    0.0059    0.0081    0.0092     0.011     0.012     0.013     0.015     0.018
  NNLO              0.898    0.9423    0.8861    0.7998    0.7231     0.923    0.7212    0.7574    0.5325    0.2776
    +-              0.016     0.025      0.04     0.052     0.062      0.18     0.099      0.12      0.19      0.25
  NNLO(no corr)    0.8984    0.9438    0.8951    0.7986    0.7228    0.7727      0.71    0.7418    0.4738   -0.1992
    +-              0.016     0.025     0.039     0.052     0.062     0.076     0.098      0.12      0.16      0.22
  rcorr        -0.0004912 -0.001462 -0.009069  0.001129 0.0002655    0.1503   0.01122   0.01554   0.05869    0.4768
    +-            0.00041    0.0013    0.0088    0.0015    0.0015      0.16    0.0096     0.011     0.092      0.12

tauzQ 0.05-0.5
  NLO               6.496     7.367     9.148     13.14     14.99     15.96     16.51     16.68     16.82      16.8
    +-             0.0094     0.015     0.023     0.035     0.039     0.042     0.051     0.054     0.068     0.083
  NNLO             -3.322     2.616     9.561     11.59     10.06     8.092     6.308     6.141      8.58     3.774
    +-              0.072      0.17      0.22       0.3      0.41      0.52      0.63      0.79       3.6       1.2
  NNLO(no corr)    -3.322     2.484     9.441     11.45     9.902     7.786      6.36     5.689     3.531    -2.186
    +-              0.072      0.12      0.18      0.27      0.39      0.48      0.61      0.73      0.96       1.2
  rcorr         0.0004377    0.1314    0.1192    0.1482    0.1598    0.3066   -0.0527    0.4524     5.049      5.96
    +-            0.00027      0.13      0.13      0.13      0.13      0.21      0.18       0.3       3.5      0.47
