b1        64 seeds; max |mean - trimmed|/err = 0.12
lo        64 seeds; max |mean - trimmed|/err = 0.26
b2        64 seeds; max |mean - trimmed|/err = 0.21
vi       120 seeds; max |mean - trimmed|/err = 0.14
kp        32 seeds; max |mean - trimmed|/err = 0.28
r       1199 seeds; max |mean - trimmed|/err = 1.14
rcorr    300 seeds; max |mean - trimmed|/err = 1.30
tau_cut             2e-02     1e-02     5e-03     2e-03     1e-03     5e-04     2e-04     1e-04     3e-05     1e-05

tauzQ 0.05-0.1
  NLO             -0.3792   -0.9215     -1.07      1.45     2.749      3.45      3.87     4.025      4.12     4.159
    +-             0.0048     0.012     0.015     0.025     0.031     0.037     0.043     0.044     0.054     0.062
  NNLO              -5.98    -4.148     1.503     4.082      3.57  -0.01325    -1.397    -1.234    -259.5     -3330
    +-              0.042      0.15      0.19      0.27      0.38       2.3       2.3       2.3   2.6e+02   3.1e+03
  NNLO(no corr)     -5.98    -4.274     1.378     3.946     3.428   -0.1902    -1.435    -1.607    -259.9    -262.2
    +-              0.042     0.085      0.14      0.24      0.36       2.3       2.3       2.2   2.6e+02   2.6e+02
  rcorr        -0.0001885    0.1252    0.1253    0.1359    0.1419     0.177   0.03802    0.3727    0.4691     -3068
    +-            0.00046      0.12      0.12      0.13      0.13      0.13      0.15      0.28      0.22   3.1e+03

tauzQ 0.1-0.2
  NLO                1.94     2.442     3.791     4.881     5.297     5.513     5.627     5.644     5.682     5.684
    +-             0.0051    0.0083     0.014     0.019     0.019     0.022     0.026     0.029     0.034     0.038
  NNLO            -0.8622     2.501     3.787     3.771     3.291     2.549     2.251     2.417     5.715    -16.51
    +-              0.054     0.078       0.1      0.14      0.19      0.24      0.33      0.43       3.4        17
  NNLO(no corr)   -0.8627       2.5      3.79      3.77     3.286     2.544     2.351     2.326     1.904    -17.76
    +-              0.054     0.078       0.1      0.14      0.19      0.24      0.31      0.42      0.64        17
  rcorr          0.000472 0.0006331 -0.002774  0.001285  0.005615  0.005792   -0.1004   0.09054     3.811     1.251
    +-            0.00043    0.0005    0.0051    0.0015    0.0078    0.0074     0.082     0.089       3.3      0.54

tauzQ 0.2-0.3
  NLO               2.009     2.547     2.909     3.155     3.233     3.273      3.28     3.274     3.273      3.22
    +-              0.004    0.0059    0.0089     0.012     0.014     0.018      0.02     0.022     0.024     0.031
  NNLO              1.437     2.021      2.08     1.773       1.7     1.816     1.939     1.777    -10.91     9.593
    +-              0.035     0.048      0.07     0.095      0.17      0.19      0.24      0.27       9.8        27
  NNLO(no corr)     1.437      2.02     2.079     1.771     1.695     1.824     1.946     1.725     1.521    0.7741
    +-              0.035     0.048      0.07     0.095      0.17      0.19      0.23      0.26      0.35      0.48
  rcorr         0.0002349 0.0007416 0.0004386  0.002345  0.004066 -0.007477 -0.006709   0.05199    -12.43     8.818
    +-            0.00012   0.00064   0.00052    0.0014     0.005    0.0083     0.028     0.045       9.8        27

tauzQ 0.3-0.4
  NLO               1.647     1.892     2.043     2.137     2.177     2.183     2.192     2.194     2.197     2.196
    +-             0.0035    0.0048    0.0062     0.009     0.011     0.014     0.016     0.019     0.021     0.025
  NNLO              1.186     1.319     1.298     1.274     1.228     1.108     1.225    0.9233    -5.231    -14.66
    +-              0.026     0.034     0.052     0.067     0.084      0.11      0.14      0.38       5.6        32
  NNLO(no corr)     1.185     1.319     1.298     1.273     1.227     1.132     1.214     1.231    0.4171    -28.27
    +-              0.026     0.034     0.052     0.067     0.084       0.1      0.14      0.16      0.48        28
  rcorr         0.0003538 0.0004972 0.0002176  0.001201  0.001206  -0.02412   0.01072   -0.3074    -5.648     13.61
    +-             0.0004   0.00042   0.00056   0.00084    0.0018     0.033     0.013      0.34       5.5        15

tauzQ 0.4-0.5
  NLO               1.279     1.407     1.475     1.517     1.535     1.539     1.544     1.545     1.546     1.541
    +-             0.0029    0.0048    0.0059    0.0081    0.0092     0.011     0.012     0.013     0.015     0.018
  NNLO             0.8962    0.9639    0.9064    0.8291    0.7563    0.9071    0.7293    0.7943    -71.37     428.6
    +-              0.016     0.033     0.044     0.056     0.066      0.17      0.11      0.13        59   4.8e+02
  NNLO(no corr)    0.8967    0.9653    0.9151     0.828    0.7557    0.7633    0.7191     0.778    0.5601  -0.04479
    +-              0.016     0.033     0.043     0.056     0.066     0.086      0.11      0.13      0.18      0.25
  rcorr        -0.0004716 -0.001397 -0.008675  0.001076 0.0005998    0.1438   0.01027   0.01628    -71.93     428.7
    +-             0.0004    0.0012    0.0084    0.0015    0.0015      0.15    0.0092      0.01        59   4.8e+02

tauzQ 0.05-0.5
  NLO               6.496     7.367     9.148     13.14     14.99     15.96     16.51     16.68     16.82      16.8
    +-             0.0094     0.015     0.023     0.035     0.039     0.042     0.051     0.054     0.068     0.083
  NNLO             -3.324     2.656     9.575     11.73     10.55     6.367     4.747     4.677    -341.3     -2923
    +-              0.074      0.18      0.22      0.32      0.54       2.3       2.2       2.2   2.7e+02   3.1e+03
  NNLO(no corr)    -3.324     2.531     9.461     11.59     10.39     6.072     4.795     4.453    -255.5    -307.5
    +-              0.074      0.13      0.18       0.3      0.53       2.3       2.2       2.1   2.6e+02   2.9e+02
  rcorr         0.0004006    0.1257    0.1145    0.1418    0.1534     0.295  -0.04812    0.2241    -85.72     -2616
    +-            0.00025      0.12      0.12      0.13      0.13       0.2      0.17      0.45        66   3.1e+03
