b1        64 seeds; max |mean - trimmed|/err = 0.12
lo        64 seeds; max |mean - trimmed|/err = 0.26
b2        64 seeds; max |mean - trimmed|/err = 0.21
vi       120 seeds; max |mean - trimmed|/err = 0.14
kp        32 seeds; max |mean - trimmed|/err = 0.28
r       1200 seeds; max |mean - trimmed|/err = 0.89
rcorr    300 seeds; max |mean - trimmed|/err = 1.30
tau_cut             2e-02     1e-02     5e-03     2e-03     1e-03     5e-04     2e-04     1e-04     3e-05     1e-05

tauzQ 0.05-0.1
  NLO             -0.3792   -0.9215     -1.07      1.45     2.749      3.45      3.87     4.025      4.12     4.159
    +-             0.0048     0.012     0.015     0.025     0.031     0.037     0.043     0.044     0.054     0.062
  NNLO             -5.959    -4.171      1.46     4.208     3.829     3.235     3.044      3.97     5.037     -3063
    +-              0.041      0.15      0.17      0.22      0.27      0.31      0.37      0.49      0.57   3.1e+03
  NNLO(no corr)    -5.958    -4.297     1.334     4.072     3.687     3.058     3.006     3.597     4.568     4.666
    +-              0.041     0.074      0.12      0.17      0.23      0.28      0.34      0.41      0.52      0.68
  rcorr        -0.0001885    0.1252    0.1253    0.1359    0.1419     0.177   0.03802    0.3727    0.4691     -3068
    +-            0.00046      0.12      0.12      0.13      0.13      0.13      0.15      0.28      0.22   3.1e+03

tauzQ 0.1-0.2
  NLO                1.94     2.442     3.791     4.881     5.297     5.513     5.627     5.644     5.682     5.684
    +-             0.0051    0.0083     0.014     0.019     0.019     0.022     0.026     0.029     0.034     0.038
  NNLO            -0.8713     2.509     3.821     3.749     3.391      3.14     3.104     3.563     6.921     2.989
    +-              0.045     0.062     0.092      0.12      0.16       0.2      0.27      0.33       3.3      0.74
  NNLO(no corr)   -0.8717     2.509     3.824     3.747     3.385     3.134     3.204     3.473      3.11     1.738
    +-              0.045     0.062     0.092      0.12      0.16       0.2      0.26      0.31       0.4       0.5
  rcorr          0.000472 0.0006331 -0.002774  0.001285  0.005615  0.005792   -0.1004   0.09054     3.811     1.251
    +-            0.00043    0.0005    0.0051    0.0015    0.0078    0.0074     0.082     0.089       3.3      0.54

tauzQ 0.2-0.3
  NLO               2.009     2.547     2.909     3.155     3.233     3.273      3.28     3.274     3.273      3.22
    +-              0.004    0.0059    0.0089     0.012     0.014     0.018      0.02     0.022     0.024     0.031
  NNLO              1.404      1.97     2.036     1.836     1.705     1.835     1.972     2.018    -10.51     9.721
    +-              0.027     0.045     0.061      0.08       0.1      0.13      0.16      0.19       9.8        27
  NNLO(no corr)     1.404     1.969     2.036     1.833     1.701     1.843     1.979     1.966     1.922    0.9022
    +-              0.027     0.045     0.061      0.08       0.1      0.13      0.15      0.18      0.25      0.33
  rcorr         0.0002349 0.0007416 0.0004386  0.002345  0.004066 -0.007477 -0.006709   0.05199    -12.43     8.818
    +-            0.00012   0.00064   0.00052    0.0014     0.005    0.0083     0.028     0.045       9.8        27

tauzQ 0.3-0.4
  NLO               1.647     1.892     2.043     2.137     2.177     2.183     2.192     2.194     2.197     2.196
    +-             0.0035    0.0048    0.0062     0.009     0.011     0.014     0.016     0.019     0.021     0.025
  NNLO              1.174     1.289      1.31     1.273     1.302     1.198     1.359     1.034    -4.585        14
    +-              0.025     0.032      0.05     0.062     0.079     0.096      0.12      0.37       5.5        15
  NNLO(no corr)     1.173     1.289      1.31     1.271     1.301     1.222     1.348     1.342     1.063    0.3955
    +-              0.025     0.032      0.05     0.062     0.079      0.09      0.12      0.14      0.19      0.25
  rcorr         0.0003538 0.0004972 0.0002176  0.001201  0.001206  -0.02412   0.01072   -0.3074    -5.648     13.61
    +-             0.0004   0.00042   0.00056   0.00084    0.0018     0.033     0.013      0.34       5.5        15

tauzQ 0.4-0.5
  NLO               1.279     1.407     1.475     1.517     1.535     1.539     1.544     1.545     1.546     1.541
    +-             0.0029    0.0048    0.0059    0.0081    0.0092     0.011     0.012     0.013     0.015     0.018
  NNLO              0.891    0.9398    0.9205     0.847    0.8282     1.054    0.8462    0.8807    -71.29     428.6
    +-              0.015     0.025     0.036     0.049     0.059      0.17     0.093      0.11        59   4.8e+02
  NNLO(no corr)    0.8915    0.9412    0.9292    0.8459    0.8276    0.9099    0.8359    0.8644    0.6387  -0.07214
    +-              0.015     0.025     0.035     0.049     0.059     0.072     0.092      0.11      0.15       0.2
  rcorr        -0.0004716 -0.001397 -0.008675  0.001076 0.0005998    0.1438   0.01027   0.01628    -71.93     428.7
    +-             0.0004    0.0012    0.0084    0.0015    0.0015      0.15    0.0092      0.01        59   4.8e+02

tauzQ 0.05-0.5
  NLO               6.496     7.367     9.148     13.14     14.99     15.96     16.51     16.68     16.82      16.8
    +-             0.0094     0.015     0.023     0.035     0.039     0.042     0.051     0.054     0.068     0.083
  NNLO             -3.361     2.537     9.547     11.91     11.05     10.46     10.33     11.47    -74.42     -2608
    +-              0.069      0.16       0.2      0.26      0.34      0.44      0.53      0.75        66   3.1e+03
  NNLO(no corr)    -3.361     2.411     9.433     11.77      10.9     10.17     10.37     11.24      11.3     7.629
    +-              0.069      0.11      0.16      0.23      0.31      0.39      0.51      0.59      0.77         1
  rcorr         0.0004006    0.1257    0.1145    0.1418    0.1534     0.295  -0.04812    0.2241    -85.72     -2616
    +-            0.00025      0.12      0.12      0.13      0.13       0.2      0.17      0.45        66   3.1e+03
