b1        64 seeds; max |mean - trimmed|/err = 0.12
lo        64 seeds; max |mean - trimmed|/err = 0.26
b2        64 seeds; max |mean - trimmed|/err = 0.21
vi       120 seeds; max |mean - trimmed|/err = 0.14
kp        32 seeds; max |mean - trimmed|/err = 0.28
r      DIAGNOSTIC: 3 of 1200 seeds left out (non-finite or |iteration| > 67900)
r       1197 seeds; max |mean - trimmed|/err = 1.21
rcorr  DIAGNOSTIC: 13 of 300 seeds left out (non-finite or |iteration| > 318)
rcorr    287 seeds; max |mean - trimmed|/err = 1.28
tau_cut             2e-02     1e-02     5e-03     2e-03     1e-03     5e-04     2e-04     1e-04     3e-05     1e-05

tauzQ 0.05-0.1
  NLO             -0.3792   -0.9215     -1.07      1.45     2.749      3.45      3.87     4.025      4.12     4.159
    +-             0.0048     0.012     0.015     0.025     0.031     0.037     0.043     0.044     0.054     0.062
  NNLO             -5.973    -4.144     1.523     3.986     3.313     1.964    0.5575    0.4279    0.3521    0.2716
    +-              0.042      0.16      0.19      0.25      0.33      0.38      0.48       0.6      0.76      0.86
  NNLO(no corr)    -5.973    -4.275     1.392     3.844     3.165     1.779    0.5183    0.1299   -0.1655    -1.233
    +-              0.042     0.085      0.14      0.21       0.3      0.36      0.45      0.53      0.72      0.83
  rcorr        -0.0001949    0.1309    0.1306    0.1421    0.1483    0.1853   0.03923     0.298    0.5176     1.505
    +-            0.00048      0.13      0.13      0.13      0.13      0.14      0.16      0.28      0.23      0.24

tauzQ 0.1-0.2
  NLO                1.94     2.442     3.791     4.881     5.297     5.513     5.627     5.644     5.682     5.684
    +-             0.0051    0.0083     0.014     0.019     0.019     0.022     0.026     0.029     0.034     0.038
  NNLO            -0.8768     2.468     3.811     3.771     3.242     2.463      2.11      2.22     5.335    0.9339
    +-              0.049      0.07     0.099      0.14      0.18      0.23      0.31      0.41       3.5       0.7
  NNLO(no corr)   -0.8773     2.468     3.814     3.769     3.236     2.458     2.215     2.125     1.292   -0.8528
    +-              0.049      0.07     0.099      0.14      0.18      0.23       0.3       0.4       0.5      0.61
  rcorr         0.0005068 0.0006734 -0.002843  0.001415  0.005801  0.005885   -0.1044   0.09513     4.043     1.787
    +-            0.00045   0.00052    0.0053    0.0015    0.0081    0.0077     0.085     0.093       3.5      0.34

tauzQ 0.2-0.3
  NLO               2.009     2.547     2.909     3.155     3.233     3.273      3.28     3.274     3.273      3.22
    +-              0.004    0.0059    0.0089     0.012     0.014     0.018      0.02     0.022     0.024     0.031
  NNLO              1.438     2.026     2.039     1.769     1.577     1.667     1.745     1.552     1.456     1.523
    +-              0.035     0.048     0.062     0.094      0.12      0.15      0.19      0.22      0.29      0.42
  NNLO(no corr)     1.438     2.026     2.038     1.767     1.573     1.677     1.754     1.543     1.201    0.2416
    +-              0.035     0.048     0.062     0.094      0.12      0.14      0.19      0.22      0.28      0.36
  rcorr         0.0002479 0.0007455 0.0004632  0.002429  0.004249 -0.009442 -0.009625  0.008585    0.2554     1.282
    +-            0.00013   0.00066   0.00054    0.0015    0.0052    0.0085     0.029     0.019     0.066       0.2

tauzQ 0.3-0.4
  NLO               1.647     1.892     2.043     2.137     2.177     2.183     2.192     2.194     2.197     2.196
    +-             0.0035    0.0048    0.0062     0.009     0.011     0.014     0.016     0.019     0.021     0.025
  NNLO               1.19     1.321     1.303     1.279     1.214     1.085     1.179     1.195     0.936    0.8122
    +-              0.026     0.034     0.052     0.067     0.083      0.11      0.14      0.16      0.21      0.28
  NNLO(no corr)      1.19      1.32     1.303     1.278     1.213      1.11     1.169     1.159    0.7619   -0.0972
    +-              0.026     0.034     0.052     0.067     0.083       0.1      0.14      0.16      0.21      0.27
  rcorr         0.0003692 0.0005182 8.366e-05  0.001123  0.001114  -0.02538   0.01087   0.03519    0.1741    0.9094
    +-            0.00042   0.00044   0.00053   0.00085    0.0018     0.034     0.013     0.015     0.035     0.065

tauzQ 0.4-0.5
  NLO               1.279     1.407     1.475     1.517     1.535     1.539     1.544     1.545     1.546     1.541
    +-             0.0029    0.0048    0.0059    0.0081    0.0092     0.011     0.012     0.013     0.015     0.018
  NNLO             0.8982    0.9427     0.886    0.7989    0.7236    0.9235    0.7237    0.7614    0.5361    0.2744
    +-              0.016     0.025      0.04     0.052     0.062      0.18     0.099      0.12      0.19      0.25
  NNLO(no corr)    0.8987    0.9442    0.8951    0.7978    0.7233    0.7732    0.7124    0.7459    0.4775   -0.2024
    +-              0.016     0.025     0.039     0.052     0.062     0.076     0.098      0.12      0.16      0.22
  rcorr        -0.0004912 -0.001462 -0.009069  0.001129 0.0002655    0.1503   0.01122   0.01554   0.05869    0.4768
    +-            0.00041    0.0013    0.0088    0.0015    0.0015      0.16    0.0096     0.011     0.092      0.12

tauzQ 0.05-0.5
  NLO               6.496     7.367     9.148     13.14     14.99     15.96     16.51     16.68     16.82      16.8
    +-             0.0094     0.015     0.023     0.035     0.039     0.042     0.051     0.054     0.068     0.083
  NNLO             -3.323     2.614     9.561      11.6     10.07     8.103     6.315     6.156     8.616     3.816
    +-              0.072      0.17      0.22       0.3      0.41      0.52      0.63      0.79       3.6       1.2
  NNLO(no corr)    -3.324     2.483     9.442     11.46      9.91     7.797     6.368     5.703     3.567    -2.144
    +-              0.072      0.12      0.18      0.27      0.39      0.48      0.61      0.73      0.96       1.2
  rcorr         0.0004377    0.1314    0.1192    0.1482    0.1598    0.3066   -0.0527    0.4524     5.049      5.96
    +-            0.00027      0.13      0.13      0.13      0.13      0.21      0.18       0.3       3.5      0.47
