b1        64 seeds; max |mean - trimmed|/err = 0.12
lo        64 seeds; max |mean - trimmed|/err = 0.26
b2        64 seeds; max |mean - trimmed|/err = 0.21
vi       120 seeds; max |mean - trimmed|/err = 0.14
kp        32 seeds; max |mean - trimmed|/err = 0.28
r       1200 seeds; max |mean - trimmed|/err = 1.14
rcorr    300 seeds; max |mean - trimmed|/err = 1.29
tau_cut             2e-02     1e-02     5e-03     2e-03     1e-03     5e-04     2e-04     1e-04     3e-05     1e-05

tauzQ 0.05-0.1
  NLO             -0.3792   -0.9215     -1.07      1.45     2.749      3.45      3.87     4.025      4.12     4.159
    +-             0.0048     0.012     0.015     0.025     0.031     0.037     0.043     0.044     0.054     0.062
  NNLO              -5.98    -4.147     1.506     4.089     3.579 -0.006126    -1.392    -1.233    -259.2     -3330
    +-              0.042      0.15      0.19      0.27      0.38       2.3       2.3       2.3   2.6e+02   3.1e+03
  NNLO(no corr)     -5.98    -4.273      1.38     3.953     3.437   -0.1831     -1.43    -1.606    -259.7      -262
    +-              0.042     0.085      0.14      0.24      0.36       2.3       2.3       2.2   2.6e+02   2.6e+02
  rcorr        -0.0001885    0.1252    0.1253    0.1359    0.1419     0.177   0.03802    0.3727    0.4693     -3068
    +-            0.00046      0.12      0.12      0.13      0.13      0.13      0.15      0.28      0.22   3.1e+03

tauzQ 0.1-0.2
  NLO                1.94     2.442     3.791     4.881     5.297     5.513     5.627     5.644     5.682     5.684
    +-             0.0051    0.0083     0.014     0.019     0.019     0.022     0.026     0.029     0.034     0.038
  NNLO            -0.8635     2.499     3.786     3.774     3.291     2.556     2.255     2.427     5.733    -15.68
    +-              0.054     0.078       0.1      0.14      0.19      0.24      0.32      0.43       3.4        17
  NNLO(no corr)    -0.864     2.498     3.789     3.772     3.286     2.551     2.356     2.336     1.923    -17.73
    +-              0.054     0.078       0.1      0.14      0.19      0.24      0.31      0.42      0.64        17
  rcorr          0.000472 0.0006331 -0.002774  0.001285  0.005615  0.005792   -0.1004   0.09057     3.809     2.048
    +-            0.00043    0.0005    0.0051    0.0015    0.0078    0.0074     0.082     0.089       3.3      0.96

tauzQ 0.2-0.3
  NLO               2.009     2.547     2.909     3.155     3.233     3.273      3.28     3.274     3.273      3.22
    +-              0.004    0.0059    0.0089     0.012     0.014     0.018      0.02     0.022     0.024     0.031
  NNLO              1.437     2.019     2.079      1.77     1.693     1.811     1.935     1.777    -10.84     9.284
    +-              0.035     0.048      0.07     0.095      0.17      0.19      0.24      0.27       9.8        27
  NNLO(no corr)     1.436     2.019     2.078     1.768     1.689     1.818     1.942     1.725     1.521     0.775
    +-              0.035     0.048      0.07     0.095      0.17      0.19      0.23      0.26      0.35      0.48
  rcorr         0.0002349 0.0007416 0.0004386  0.002345  0.004066 -0.007477 -0.006709   0.05198    -12.36     8.509
    +-            0.00012   0.00064   0.00052    0.0014     0.005    0.0083     0.028     0.045       9.8        27

tauzQ 0.3-0.4
  NLO               1.647     1.892     2.043     2.137     2.177     2.183     2.192     2.194     2.197     2.196
    +-             0.0035    0.0048    0.0062     0.009     0.011     0.014     0.016     0.019     0.021     0.025
  NNLO              1.185     1.319     1.299     1.278     1.233     1.111     1.225    0.9234    -5.225    -28.19
    +-              0.026     0.034     0.052     0.067     0.084      0.11      0.14      0.38       5.6        29
  NNLO(no corr)     1.185     1.319     1.299     1.276     1.232     1.135     1.214     1.231    0.4183    -28.24
    +-              0.026     0.034     0.052     0.067     0.084       0.1      0.14      0.16      0.48        28
  rcorr         0.0003538 0.0004972 0.0002176  0.001201  0.001206  -0.02412   0.01072   -0.3074    -5.644   0.05226
    +-             0.0004   0.00042   0.00056   0.00084    0.0018     0.033     0.013      0.34       5.5       7.7

tauzQ 0.4-0.5
  NLO               1.279     1.407     1.475     1.517     1.535     1.539     1.544     1.545     1.546     1.541
    +-             0.0029    0.0048    0.0059    0.0081    0.0092     0.011     0.012     0.013     0.015     0.018
  NNLO             0.8965    0.9643    0.9064    0.8282    0.7568    0.9076    0.7318    0.7983    -71.78     427.1
    +-              0.016     0.033     0.044     0.056     0.066      0.17      0.11      0.13        59   4.8e+02
  NNLO(no corr)    0.8969    0.9657    0.9151    0.8271    0.7562    0.7637    0.7215     0.782    0.5637  -0.04817
    +-              0.016     0.033     0.043     0.056     0.066     0.086      0.11      0.13      0.18      0.25
  rcorr        -0.0004716 -0.001397 -0.008675  0.001076 0.0005998    0.1438   0.01027   0.01629    -72.34     427.2
    +-             0.0004    0.0012    0.0084    0.0015    0.0015      0.15    0.0092      0.01        59   4.8e+02

tauzQ 0.05-0.5
  NLO               6.496     7.367     9.148     13.14     14.99     15.96     16.51     16.68     16.82      16.8
    +-             0.0094     0.015     0.023     0.035     0.039     0.042     0.051     0.054     0.068     0.083
  NNLO             -3.325     2.655     9.576     11.74     10.55     6.379     4.756     4.693    -341.4     -2937
    +-              0.074      0.18      0.22      0.32      0.54       2.3       2.2       2.2   2.7e+02   3.1e+03
  NNLO(no corr)    -3.326     2.529     9.461      11.6      10.4     6.084     4.804     4.468    -255.3    -307.2
    +-              0.074      0.13      0.18       0.3      0.53       2.3       2.2       2.1   2.6e+02   2.9e+02
  rcorr         0.0004006    0.1257    0.1145    0.1418    0.1534     0.295  -0.04812    0.2242    -86.07     -2630
    +-            0.00025      0.12      0.12      0.13      0.13       0.2      0.17      0.45        66   3.1e+03
