b1        64 seeds; max |mean - trimmed|/err = 0.12
lo        64 seeds; max |mean - trimmed|/err = 0.26
b2        64 seeds; max |mean - trimmed|/err = 0.21
vi       120 seeds; max |mean - trimmed|/err = 0.14
kp        32 seeds; max |mean - trimmed|/err = 0.28
r       1200 seeds; max |mean - trimmed|/err = 1.14
rcorr    300 seeds; max |mean - trimmed|/err = 1.29
tau_cut             2e-02     1e-02     5e-03     2e-03     1e-03     5e-04     2e-04     1e-04     3e-05     1e-05

tauzQ 0.05-0.1
  NLO             -0.3791   -0.9208     -1.07     1.451     2.751     3.452      3.87     4.023     4.122     4.162
    +-             0.0047     0.011     0.015     0.024     0.029     0.035     0.041     0.041     0.051     0.058
  NNLO             -5.978    -4.316     1.326     3.792      3.18      2.06    0.8149    0.5912    0.7108    0.4635
    +-              0.033     0.068      0.12      0.17      0.22      0.29      0.38      0.44      0.59      0.76
  NNLO(no corr)    -5.978    -4.316     1.325     3.794     3.181     2.045    0.8322    0.5281    0.3951   -0.8703
    +-              0.033     0.068      0.12      0.17      0.22      0.29      0.38      0.44      0.59      0.74
  rcorr         0.0001075 0.0003015 0.0006381 -0.001719 -0.000982   0.01542  -0.01734    0.0631    0.3157     1.334
    +-            4.7e-05   0.00022   0.00044    0.0025    0.0021      0.01     0.022     0.044     0.084      0.17

tauzQ 0.1-0.2
  NLO               1.938     2.442     3.789      4.88     5.296     5.515     5.627     5.644     5.687     5.687
    +-             0.0045    0.0078     0.013     0.018     0.018     0.022     0.024     0.027     0.031     0.035
  NNLO            -0.8869     2.495     3.785     3.713     3.318     2.609     2.407     2.561     2.148     1.155
    +-              0.037     0.057     0.087      0.12      0.16      0.21      0.27      0.33      0.44      0.57
  NNLO(no corr)    -0.887     2.495     3.784     3.712     3.315     2.606     2.432     2.553     1.743   -0.3414
    +-              0.037     0.057     0.087      0.12      0.16      0.21      0.27      0.33      0.43      0.52
  rcorr         5.253e-05 8.307e-05 0.0008964 0.0004357  0.003223  0.003531  -0.02505  0.007798    0.4045     1.496
    +-            5.5e-05    0.0001   0.00066   0.00096    0.0017    0.0053     0.017     0.018     0.097      0.22

tauzQ 0.2-0.3
  NLO                2.01     2.547     2.908     3.155     3.232     3.272      3.28     3.273     3.274     3.221
    +-             0.0038    0.0055    0.0085     0.012     0.013     0.017     0.019     0.021     0.024     0.029
  NNLO              1.408     1.985     2.022     1.807     1.631     1.755      1.83     1.571     1.628    0.9077
    +-              0.023     0.038     0.052     0.073     0.096      0.12      0.16      0.18      0.26      0.64
  NNLO(no corr)     1.408     1.985     2.022     1.806      1.63     1.753     1.811     1.556     1.381    0.3776
    +-              0.023     0.038     0.052     0.073     0.096      0.12      0.16      0.18      0.25      0.32
  rcorr         0.0001015 3.367e-05 0.0001508 0.0009208  0.001578  0.002042   0.01937   0.01444    0.2472    0.5301
    +-            4.5e-05   7.5e-05   0.00022   0.00046    0.0011    0.0026    0.0053     0.013      0.05      0.55

tauzQ 0.3-0.4
  NLO               1.647     1.893     2.043     2.137     2.177     2.183     2.192     2.194     2.196     2.197
    +-             0.0033    0.0045    0.0058    0.0085      0.01     0.013     0.014     0.017      0.02     0.023
  NNLO              1.155     1.299     1.283     1.291     1.247     1.157     1.264     1.293    0.9921    0.8896
    +-              0.017     0.028      0.04     0.055     0.071     0.089      0.12      0.14      0.19      0.26
  NNLO(no corr)     1.155     1.298     1.283      1.29     1.246     1.155     1.259     1.271    0.8441 -0.002564
    +-              0.017     0.028      0.04     0.055     0.071     0.089      0.12      0.14      0.19      0.25
  rcorr        -4.343e-06 7.739e-05-4.282e-05 0.0004096  0.001311  0.002485  0.004994    0.0219     0.148    0.8922
    +-            2.2e-05   3.6e-05   0.00012   0.00037   0.00095    0.0017    0.0057    0.0093     0.031     0.073

tauzQ 0.4-0.5
  NLO               1.279     1.407     1.476     1.517     1.535      1.54     1.545     1.547     1.546     1.542
    +-             0.0028    0.0046    0.0056    0.0076    0.0085    0.0099     0.012     0.012     0.015     0.017
  NNLO             0.8914    0.9365    0.9054    0.8185    0.7614    0.8097    0.7479    0.8163    0.4939    -1.652
    +-              0.014     0.022      0.03     0.043     0.055     0.068     0.091      0.11      0.19       1.7
  NNLO(no corr)    0.8914    0.9365    0.9053    0.8182    0.7612    0.8093    0.7456    0.7995    0.5283   -0.1412
    +-              0.014     0.022      0.03     0.043     0.055     0.068     0.091      0.11      0.15       0.2
  rcorr        -4.197e-05 3.071e-05  4.02e-05 0.0002452 0.0002467 0.0003676  0.002272   0.01678  -0.03441    -1.511
    +-            2.6e-05   4.4e-05   9.6e-05   0.00022   0.00065    0.0018    0.0025    0.0063      0.11       1.7

tauzQ 0.05-0.5
  NLO               6.497     7.367     9.149     13.14     14.99     15.96     16.51     16.68     16.82      16.8
    +-             0.0089     0.014     0.022     0.032     0.036     0.039      0.05     0.051     0.065     0.078
  NNLO             -3.348     2.455     9.404     11.44     10.07     8.164      6.65     6.409    0.8066    -11.17
    +-              0.058       0.1      0.16      0.23       0.3       0.4      0.54      0.63       4.2        12
  NNLO(no corr)    -3.348     2.453     9.402     11.43     10.06     8.123     6.702     6.168      4.13    -1.693
    +-              0.058       0.1      0.16      0.23       0.3       0.4      0.54      0.62      0.84       1.1
  rcorr         0.0003385  0.001321  0.002071  0.003726   0.01259   0.04075  -0.05202    0.2417    -3.323    -9.476
    +-            0.00014   0.00057     0.001    0.0035    0.0097     0.033      0.05      0.11       4.1        11
